[Header]
TITLE,MPMS RSO Measurement
BYAPP,MPMS Measurement,1.1,Summary
FILEOPENTIME, 1654265175.331000 6/3/2022, 4:06:15 PM

INFO, APPNAME, MPMS MultiVu Application, Revision 1.60,  Build 081

INFO, NAME, AP_FeTrz_AOT_120nm
INFO, WEIGHT, 4.610
INFO, AREA, 0.000
INFO, LENGTH, 0.000
INFO, SHAPE, 0
INFO, COMMENT, Cu drut, w foli Al
INFO, SEQUENCE FILE: FC_FH_300-390.seq


INFO, BACKGROUND DATA FILE:, None


STARTUPAXIS,X,4,LINEAR,AUTO,0.000000,0.000000
STARTUPAXIS,Y1,5,LINEAR,AUTO,0.000000,0.000000


STARTUPGROUP,Longitudinal
FIELDGROUP,Longitudinal,1,2,3,4,5,6,7,8,9,10,11,19,20,21,22,23,35
FIELDGROUP,Transverse,1,2,3,4,12,13,14,15,16,17,18,24,25,26,27,28,35

PLOT_APPEARANCE,ALL,HORZ_GRID_ON,VERT_GRID_ON,MARKERS_AND_LINES

[Data]
Time,Comment,Field (Oe),Temperature (K),Long Moment (emu),Long Scan Std Dev,Long Offset (cm),Long Offset Std Dev,Long Algorithm,Long Reg Fit,Long Reg Factor,Trans Moment (emu),Trans Scan Std Dev,Trans Offset (cm),Trans Offset Std Dev,Trans Algorithm,Trans Reg Fit,Trans Reg Factor,Long Moment [w/o ABS] (emu),Long Scan Std Dev [w/o ABS],Long Offset [w/o ABS] (cm),Long Offset Std Dev [w/o ABS],Long Reg Fit [w/o ABS],Trans Moment [w/o ABS] (emu),Trans Scan Std Dev [w/o ABS],Trans Offset [w/o ABS] (cm),Trans Offset Std Dev [w/o ABS],Trans Reg Fit [w/o ABS],RSO Position (deg),Amplitude (cm),Frequency,Cycles to Average,Scans per Measurement,Delta Temp (K),Error,EC Comp. Running,Using ABS,
1654265175.330,,1.000000e+003,2.999946e+002,4.678228e-005,1.520312e-008,-2.417562e-002,1.053690e-003,3,9.431939e-001,1.825000e+000,,,,,,,,,,,,,,,,,,0,4.000000e+000,1.000000e+000,2,2,1.409912e-002,0,,0,
1654265285.772,,1.000000e+003,3.011040e+002,4.670864e-005,5.028090e-008,-2.311823e-002,2.247915e-004,3,9.439760e-001,1.825000e+000,,,,,,,,,,,,,,,,,,0,4.000000e+000,1.000000e+000,2,2,2.142029e-001,0,,0,
1654265340.209,,1.000000e+003,3.021143e+002,4.668240e-005,1.139594e-009,-2.487972e-002,1.075653e-004,3,9.431186e-001,1.825000e+000,,,,,,,,,,,,,,,,,,0,4.000000e+000,1.000000e+000,2,2,2.445068e-001,0,,0,
1654265394.940,,1.000000e+003,3.031428e+002,4.665743e-005,2.292045e-009,-2.559357e-002,2.698333e-004,3,9.436187e-001,1.825000e+000,,,,,,,,,,,,,,,,,,0,4.000000e+000,1.000000e+000,2,2,2.319031e-001,0,,0,
1654265447.413,,1.000000e+003,3.041278e+002,4.659759e-005,2.193262e-008,-2.560181e-002,9.156930e-004,3,9.435433e-001,1.825000e+000,,,,,,,,,,,,,,,,,,0,4.000000e+000,1.000000e+000,2,2,1.896057e-001,0,,0,
1654265502.600,,1.000000e+003,3.051160e+002,4.651779e-005,1.500247e-008,-2.540967e-002,1.818298e-003,3,9.433119e-001,1.825000e+000,,,,,,,,,,,,,,,,,,0,4.000000e+000,1.000000e+000,2,2,2.202759e-001,0,,0,
1654265561.037,,1.000000e+003,3.061555e+002,4.648811e-005,1.278245e-008,-2.688852e-002,1.922975e-003,3,9.431334e-001,1.825000e+000,,,,,,,,,,,,,,,,,,0,4.000000e+000,1.000000e+000,2,2,2.218933e-001,0,,0,
1654265616.226,,1.000000e+003,3.071319e+002,4.647645e-005,1.546036e-008,-2.671637e-002,8.201302e-004,3,9.448901e-001,1.825000e+000,,,,,,,,,,,,,,,,,,0,4.000000e+000,1.000000e+000,2,2,2.085876e-001,0,,0,
1654265673.413,,1.000000e+003,3.081149e+002,4.637693e-005,1.737426e-008,-2.687442e-002,2.093184e-004,3,9.429531e-001,1.825000e+000,,,,,,,,,,,,,,,,,,0,4.000000e+000,1.000000e+000,2,2,2.250977e-001,0,,0,
1654265735.850,,1.000000e+003,3.091840e+002,4.638059e-005,2.673279e-008,-2.721771e-002,3.676259e-004,3,9.439868e-001,1.825000e+000,,,,,,,,,,,,,,,,,,0,4.000000e+000,1.000000e+000,2,2,2.266846e-001,0,,0,
1654265793.289,,1.000000e+003,3.101469e+002,4.635743e-005,5.641360e-008,-2.663973e-002,1.124965e-004,3,9.432639e-001,1.825000e+000,,,,,,,,,,,,,,,,,,0,4.000000e+000,1.000000e+000,2,2,2.128906e-001,0,,0,
1654265852.277,,1.000000e+003,3.111431e+002,4.626761e-005,1.083000e-009,-2.799465e-002,2.878893e-005,3,9.432669e-001,1.825000e+000,,,,,,,,,,,,,,,,,,0,4.000000e+000,1.000000e+000,2,2,1.837769e-001,0,,0,
1654265912.217,,1.000000e+003,3.121307e+002,4.623957e-005,1.103577e-008,-2.776279e-002,6.828185e-004,3,9.433877e-001,1.825000e+000,,,,,,,,,,,,,,,,,,0,4.000000e+000,1.000000e+000,2,2,2.005920e-001,0,,0,
1654265972.155,,1.000000e+003,3.131212e+002,4.625190e-005,2.292815e-008,-3.068606e-002,2.981581e-003,3,9.431762e-001,1.825000e+000,,,,,,,,,,,,,,,,,,0,4.000000e+000,1.000000e+000,2,2,2.330017e-001,0,,0,
1654266033.367,,1.000000e+003,3.141497e+002,4.620639e-005,2.682025e-008,-2.850885e-002,1.635206e-004,3,9.434569e-001,1.825000e+000,,,,,,,,,,,,,,,,,,0,4.000000e+000,1.000000e+000,2,2,2.031860e-001,0,,0,
1654266093.305,,1.000000e+003,3.151539e+002,4.616688e-005,1.124159e-009,-2.872138e-002,2.829384e-004,3,9.432545e-001,1.825000e+000,,,,,,,,,,,,,,,,,,0,4.000000e+000,1.000000e+000,2,2,1.888733e-001,0,,0,
1654266150.035,,1.000000e+003,3.160976e+002,4.606068e-005,2.422466e-008,-2.962886e-002,1.217194e-003,3,9.427039e-001,1.825000e+000,,,,,,,,,,,,,,,,,,0,4.000000e+000,1.000000e+000,2,2,1.900940e-001,0,,0,
1654266212.236,,1.000000e+003,3.171312e+002,4.606231e-005,6.326400e-008,-2.989715e-002,9.334223e-004,3,9.424978e-001,1.825000e+000,,,,,,,,,,,,,,,,,,0,4.000000e+000,1.000000e+000,2,2,2.234192e-001,0,,0,
1654266271.223,,1.000000e+003,3.181279e+002,4.604295e-005,1.181264e-008,-3.012513e-002,7.079327e-004,3,9.428116e-001,1.825000e+000,,,,,,,,,,,,,,,,,,0,4.000000e+000,1.000000e+000,2,2,2.088013e-001,0,,0,
1654266332.415,,1.000000e+003,3.191433e+002,4.600673e-005,6.473801e-008,-2.981529e-002,4.146038e-004,3,9.435661e-001,1.825000e+000,,,,,,,,,,,,,,,,,,0,4.000000e+000,1.000000e+000,2,2,2.102966e-001,0,,0,
1654266391.856,,1.000000e+003,3.201371e+002,4.597869e-005,2.179113e-008,-3.086953e-002,1.036942e-003,3,9.429252e-001,1.825000e+000,,,,,,,,,,,,,,,,,,0,4.000000e+000,1.000000e+000,2,2,2.117004e-001,0,,0,
1654266452.293,,1.000000e+003,3.211377e+002,4.592746e-005,1.555554e-008,-3.068709e-002,5.831491e-004,3,9.429219e-001,1.825000e+000,,,,,,,,,,,,,,,,,,0,4.000000e+000,1.000000e+000,2,2,1.802979e-001,0,,0,
1654266511.255,,1.000000e+003,3.221325e+002,4.588937e-005,4.517204e-009,-3.142001e-002,1.111544e-004,3,9.427211e-001,1.825000e+000,,,,,,,,,,,,,,,,,,0,4.000000e+000,1.000000e+000,2,2,1.979980e-001,0,,0,
1654266570.693,,1.000000e+003,3.231048e+002,4.590020e-005,4.578942e-008,-3.077646e-002,1.583333e-003,3,9.423042e-001,1.825000e+000,,,,,,,,,,,,,,,,,,0,4.000000e+000,1.000000e+000,2,2,1.992188e-001,0,,0,
1654266632.137,,1.000000e+003,3.241503e+002,4.581858e-005,1.099203e-008,-3.159927e-002,6.006176e-004,3,9.424175e-001,1.825000e+000,,,,,,,,,,,,,,,,,,0,4.000000e+000,1.000000e+000,2,2,1.838989e-001,0,,0,
1654266690.348,,1.000000e+003,3.251104e+002,4.582753e-005,4.022524e-008,-3.356450e-002,1.836644e-003,3,9.430612e-001,1.825000e+000,,,,,,,,,,,,,,,,,,0,4.000000e+000,1.000000e+000,2,2,2.019043e-001,0,,0,
1654266750.285,,1.000000e+003,3.261063e+002,4.581160e-005,3.124742e-008,-3.450010e-002,6.908922e-005,3,9.426437e-001,1.825000e+000,,,,,,,,,,,,,,,,,,0,4.000000e+000,1.000000e+000,2,2,2.031860e-001,0,,0,
1654266811.224,,1.000000e+003,3.271342e+002,4.575474e-005,3.194455e-008,-3.511503e-002,1.243390e-003,3,9.427162e-001,1.825000e+000,,,,,,,,,,,,,,,,,,0,4.000000e+000,1.000000e+000,2,2,2.387085e-001,0,,0,
1654266869.699,,1.000000e+003,3.281025e+002,4.575633e-005,1.664883e-008,-3.505942e-002,3.419769e-004,3,9.427426e-001,1.825000e+000,,,,,,,,,,,,,,,,,,0,4.000000e+000,1.000000e+000,2,2,1.972046e-001,0,,0,
1654266929.893,,1.000000e+003,3.291028e+002,4.569926e-005,8.164923e-009,-3.514631e-002,3.222996e-004,3,9.426158e-001,1.825000e+000,,,,,,,,,,,,,,,,,,0,4.000000e+000,1.000000e+000,2,2,2.071838e-001,0,,0,
1654266991.080,,1.000000e+003,3.301292e+002,4.567785e-005,1.933703e-008,-3.533528e-002,1.687373e-003,3,9.437067e-001,1.825000e+000,,,,,,,,,,,,,,,,,,0,4.000000e+000,1.000000e+000,2,2,2.086182e-001,0,,0,
1654267050.018,,1.000000e+003,3.311144e+002,4.564744e-005,4.185874e-008,-3.570967e-002,5.707579e-004,3,9.422684e-001,1.825000e+000,,,,,,,,,,,,,,,,,,0,4.000000e+000,1.000000e+000,2,2,2.098083e-001,0,,0,
1654267108.956,,1.000000e+003,3.320926e+002,4.567624e-005,3.663154e-008,-3.565697e-002,7.767480e-004,3,9.426096e-001,1.825000e+000,,,,,,,,,,,,,,,,,,0,4.000000e+000,1.000000e+000,2,2,1.759949e-001,0,,0,
1654267171.644,,1.000000e+003,3.331610e+002,4.561970e-005,6.549431e-009,-3.695447e-002,1.892288e-004,3,9.424812e-001,1.825000e+000,,,,,,,,,,,,,,,,,,0,4.000000e+000,1.000000e+000,2,2,2.126770e-001,0,,0,
1654267231.099,,1.000000e+003,3.341476e+002,4.560760e-005,1.797621e-008,-3.610682e-002,2.711170e-003,3,9.429941e-001,1.825000e+000,,,,,,,,,,,,,,,,,,0,4.000000e+000,1.000000e+000,2,2,1.961060e-001,0,,0,
1654267289.787,,1.000000e+003,3.351068e+002,4.556443e-005,5.154912e-008,-3.707651e-002,7.904036e-004,3,9.420449e-001,1.825000e+000,,,,,,,,,,,,,,,,,,0,4.000000e+000,1.000000e+000,2,2,2.062988e-001,0,,0,
1654267351.027,,1.000000e+003,3.361416e+002,4.555091e-005,1.316832e-008,-3.692614e-002,7.433308e-004,3,9.420353e-001,1.825000e+000,,,,,,,,,,,,,,,,,,0,4.000000e+000,1.000000e+000,2,2,1.987000e-001,0,,0,
1654267408.511,,1.000000e+003,3.370993e+002,4.551606e-005,3.634858e-009,-3.794514e-002,8.722475e-004,3,9.428210e-001,1.825000e+000,,,,,,,,,,,,,,,,,,0,4.000000e+000,1.000000e+000,2,2,1.907959e-001,0,,0,
1654267469.200,,1.000000e+003,3.381085e+002,4.548870e-005,1.456515e-008,-3.818588e-002,1.479512e-004,3,9.424075e-001,1.825000e+000,,,,,,,,,,,,,,,,,,0,4.000000e+000,1.000000e+000,2,2,2.102966e-001,0,,0,
1654267531.637,,1.000000e+003,3.391517e+002,4.545130e-005,1.345386e-008,-3.741353e-002,5.890786e-004,3,9.420537e-001,1.825000e+000,,,,,,,,,,,,,,,,,,0,4.000000e+000,1.000000e+000,2,2,1.931763e-001,0,,0,
1654267589.357,,1.000000e+003,3.401207e+002,4.545465e-005,3.009754e-009,-3.861481e-002,4.421837e-004,3,9.417845e-001,1.825000e+000,,,,,,,,,,,,,,,,,,0,4.000000e+000,1.000000e+000,2,2,2.221069e-001,0,,0,
1654267650.545,,1.000000e+003,3.411398e+002,4.545445e-005,2.755340e-008,-3.969255e-002,1.481770e-003,3,9.423923e-001,1.825000e+000,,,,,,,,,,,,,,,,,,0,4.000000e+000,1.000000e+000,2,2,1.863098e-001,0,,0,
1654267711.483,,1.000000e+003,3.421489e+002,4.543253e-005,1.059331e-008,-3.928735e-002,1.282318e-005,3,9.428570e-001,1.825000e+000,,,,,,,,,,,,,,,,,,0,4.000000e+000,1.000000e+000,2,2,1.875000e-001,0,,0,
1654267769.171,,1.000000e+003,3.431196e+002,4.541376e-005,1.229626e-008,-4.032572e-002,1.271057e-003,3,9.421032e-001,1.825000e+000,,,,,,,,,,,,,,,,,,0,4.000000e+000,1.000000e+000,2,2,1.978760e-001,0,,0,
1654267830.377,,1.000000e+003,3.441294e+002,4.540205e-005,4.028440e-009,-3.976735e-002,1.902746e-004,3,9.423917e-001,1.825000e+000,,,,,,,,,,,,,,,,,,0,4.000000e+000,1.000000e+000,2,2,2.276917e-001,0,,0,
1654267891.404,,1.000000e+003,3.451501e+002,4.541808e-005,6.552004e-009,-3.938702e-002,1.129788e-003,3,9.425156e-001,1.825000e+000,,,,,,,,,,,,,,,,,,0,4.000000e+000,1.000000e+000,2,2,2.005005e-001,0,,0,
1654267949.341,,1.000000e+003,3.461269e+002,4.534464e-005,5.706957e-008,-4.079977e-002,1.530795e-003,3,9.421395e-001,1.825000e+000,,,,,,,,,,,,,,,,,,0,4.000000e+000,1.000000e+000,2,2,2.209778e-001,0,,0,
1654268011.280,,1.000000e+003,3.471457e+002,4.533206e-005,4.711166e-008,-4.021553e-002,6.254356e-004,3,9.424529e-001,1.825000e+000,,,,,,,,,,,,,,,,,,0,4.000000e+000,1.000000e+000,2,2,1.738892e-001,0,,0,
1654268068.717,,1.000000e+003,3.481101e+002,4.539229e-005,2.232620e-008,-4.141638e-002,5.091656e-004,3,9.429018e-001,1.825000e+000,,,,,,,,,,,,,,,,,,0,4.000000e+000,1.000000e+000,2,2,1.943970e-001,0,,0,
1654268129.154,,1.000000e+003,3.491217e+002,4.534350e-005,1.234771e-010,-4.118650e-002,9.869264e-004,3,9.429850e-001,1.825000e+000,,,,,,,,,,,,,,,,,,0,4.000000e+000,1.000000e+000,2,2,2.052917e-001,0,,0,
1654268188.892,,1.000000e+003,3.501248e+002,4.533349e-005,4.546530e-008,-4.288492e-002,2.139137e-004,3,9.420754e-001,1.825000e+000,,,,,,,,,,,,,,,,,,0,4.000000e+000,1.000000e+000,2,2,1.968079e-001,0,,0,
1654268247.086,,1.000000e+003,3.510944e+002,4.528845e-005,8.190904e-008,-4.338142e-002,1.225665e-003,3,9.415509e-001,1.825000e+000,,,,,,,,,,,,,,,,,,0,4.000000e+000,1.000000e+000,2,2,1.880798e-001,0,,0,
1654268310.778,,1.000000e+003,3.521543e+002,4.530079e-005,2.871357e-008,-4.322013e-002,1.195311e-004,3,9.415867e-001,1.825000e+000,,,,,,,,,,,,,,,,,,0,4.000000e+000,1.000000e+000,2,2,2.191772e-001,0,,0,
1654268368.778,,1.000000e+003,3.531307e+002,4.530177e-005,4.622675e-009,-4.397247e-002,3.226078e-004,3,9.413900e-001,1.825000e+000,,,,,,,,,,,,,,,,,,0,4.000000e+000,1.000000e+000,2,2,2.102966e-001,0,,0,
1654268431.262,,1.000000e+003,3.541632e+002,4.528690e-005,2.103741e-008,-4.358926e-002,1.050097e-003,3,9.426201e-001,1.825000e+000,,,,,,,,,,,,,,,,,,0,4.000000e+000,1.000000e+000,2,2,2.419128e-001,0,,0,
1654268489.204,,1.000000e+003,3.551337e+002,4.528603e-005,2.178085e-008,-4.423274e-002,1.213471e-003,3,9.420476e-001,1.825000e+000,,,,,,,,,,,,,,,,,,0,4.000000e+000,1.000000e+000,2,2,2.028198e-001,0,,0,
1654268548.148,,1.000000e+003,3.561097e+002,4.530959e-005,1.293937e-008,-4.464807e-002,7.765820e-005,3,9.418058e-001,1.825000e+000,,,,,,,,,,,,,,,,,,0,4.000000e+000,1.000000e+000,2,2,2.039185e-001,0,,0,
1654268608.417,,1.000000e+003,3.571093e+002,4.533357e-005,2.643696e-008,-4.422803e-002,2.069884e-003,3,9.423220e-001,1.825000e+000,,,,,,,,,,,,,,,,,,0,4.000000e+000,1.000000e+000,2,2,2.154846e-001,0,,0,
1654268667.865,,1.000000e+003,3.580994e+002,4.532871e-005,3.602187e-008,-4.483494e-002,1.283659e-003,3,9.420121e-001,1.825000e+000,,,,,,,,,,,,,,,,,,0,4.000000e+000,1.000000e+000,2,2,2.062988e-001,0,,0,
1654268730.305,,1.000000e+003,3.591549e+002,4.533720e-005,3.376584e-008,-4.479701e-002,8.117167e-004,3,9.428438e-001,1.825000e+000,,,,,,,,,,,,,,,,,,0,4.000000e+000,1.000000e+000,2,2,2.075806e-001,0,,0,
1654268788.502,,1.000000e+003,3.601256e+002,4.534805e-005,5.088800e-008,-4.524974e-002,7.057490e-005,3,9.429295e-001,1.825000e+000,,,,,,,,,,,,,,,,,,0,4.000000e+000,1.000000e+000,2,2,1.983032e-001,0,,0,
1654268849.240,,1.000000e+003,3.611282e+002,4.537289e-005,2.378478e-008,-4.596968e-002,5.209930e-004,3,9.425705e-001,1.825000e+000,,,,,,,,,,,,,,,,,,0,4.000000e+000,1.000000e+000,2,2,1.890869e-001,0,,0,
1654268909.180,,1.000000e+003,3.621313e+002,4.538358e-005,2.870842e-009,-4.683439e-002,9.067552e-004,3,9.419348e-001,1.825000e+000,,,,,,,,,,,,,,,,,,0,4.000000e+000,1.000000e+000,2,2,2.218018e-001,0,,0,
1654268967.630,,1.000000e+003,3.631189e+002,4.536698e-005,1.753117e-008,-4.635542e-002,3.106328e-004,3,9.425542e-001,1.825000e+000,,,,,,,,,,,,,,,,,,0,4.000000e+000,1.000000e+000,2,2,2.018127e-001,0,,0,
1654269028.321,,1.000000e+003,3.641122e+002,4.538835e-005,3.684762e-008,-4.635343e-002,9.852168e-004,3,9.425236e-001,1.825000e+000,,,,,,,,,,,,,,,,,,0,4.000000e+000,1.000000e+000,2,2,2.030029e-001,0,,0,
1654269088.760,,1.000000e+003,3.651381e+002,4.536555e-005,2.013448e-008,-4.574726e-002,2.735436e-004,3,9.424313e-001,1.825000e+000,,,,,,,,,,,,,,,,,,0,4.000000e+000,1.000000e+000,2,2,2.149048e-001,0,,0,
1654269148.450,,1.000000e+003,3.661242e+002,4.544309e-005,3.700712e-008,-4.709705e-002,1.415739e-004,3,9.418128e-001,1.825000e+000,,,,,,,,,,,,,,,,,,0,4.000000e+000,1.000000e+000,2,2,2.161865e-001,0,,0,
1654269209.694,,1.000000e+003,3.671403e+002,4.547303e-005,3.446297e-008,-4.769950e-002,2.268976e-004,3,9.421158e-001,1.825000e+000,,,,,,,,,,,,,,,,,,0,4.000000e+000,1.000000e+000,2,2,2.065125e-001,0,,0,
1654269267.383,,1.000000e+003,3.681158e+002,4.545555e-005,7.923114e-010,-4.653989e-002,1.436662e-003,3,9.424008e-001,1.825000e+000,,,,,,,,,,,,,,,,,,0,4.000000e+000,1.000000e+000,2,2,2.185974e-001,0,,0,
1654269328.395,,1.000000e+003,3.691271e+002,4.548241e-005,8.162351e-009,-4.849874e-002,9.961170e-004,3,9.428623e-001,1.825000e+000,,,,,,,,,,,,,,,,,,0,4.000000e+000,1.000000e+000,2,2,2.200012e-001,0,,0,
1654269389.834,,1.000000e+003,3.701524e+002,4.549853e-005,4.944229e-009,-4.765188e-002,3.623602e-004,3,9.427898e-001,1.825000e+000,,,,,,,,,,,,,,,,,,0,4.000000e+000,1.000000e+000,2,2,2.210999e-001,0,,0,
1654269447.548,,1.000000e+003,3.711115e+002,4.552780e-005,1.477095e-008,-4.983887e-002,3.331498e-004,3,9.427888e-001,1.825000e+000,,,,,,,,,,,,,,,,,,0,4.000000e+000,1.000000e+000,2,2,2.223206e-001,0,,0,
1654269509.750,,1.000000e+003,3.721595e+002,4.557519e-005,1.207246e-008,-4.876599e-002,5.174896e-004,3,9.424073e-001,1.825000e+000,,,,,,,,,,,,,,,,,,0,4.000000e+000,1.000000e+000,2,2,1.789856e-001,0,,0,
1654269567.690,,1.000000e+003,3.731183e+002,4.565698e-005,3.505721e-008,-4.982456e-002,7.343193e-004,3,9.428451e-001,1.825000e+000,,,,,,,,,,,,,,,,,,0,4.000000e+000,1.000000e+000,2,2,2.248230e-001,0,,0,
1654269627.380,,1.000000e+003,3.741160e+002,4.564322e-005,1.005827e-009,-5.051846e-002,4.320210e-004,3,9.428986e-001,1.825000e+000,,,,,,,,,,,,,,,,,,0,4.000000e+000,1.000000e+000,2,2,2.034912e-001,0,,0,
1654269688.574,,1.000000e+003,3.751422e+002,4.569730e-005,2.427354e-008,-5.041422e-002,1.968658e-003,3,9.426565e-001,1.825000e+000,,,,,,,,,,,,,,,,,,0,4.000000e+000,1.000000e+000,2,2,2.046204e-001,0,,0,
1654269747.813,,1.000000e+003,3.761285e+002,4.576585e-005,5.827862e-008,-5.038652e-002,6.977174e-004,3,9.432788e-001,1.825000e+000,,,,,,,,,,,,,,,,,,0,4.000000e+000,1.000000e+000,2,2,2.057800e-001,0,,0,
1654269809.108,,1.000000e+003,3.771604e+002,4.580553e-005,1.702955e-008,-5.149042e-002,7.220334e-004,3,9.439545e-001,1.825000e+000,,,,,,,,,,,,,,,,,,0,4.000000e+000,1.000000e+000,2,2,1.838989e-001,0,,0,
1654269867.562,,1.000000e+003,3.781288e+002,4.583473e-005,1.540893e-009,-5.181167e-002,1.200450e-003,3,9.428625e-001,1.825000e+000,,,,,,,,,,,,,,,,,,0,4.000000e+000,1.000000e+000,2,2,2.080078e-001,0,,0,
1654269926.783,,1.000000e+003,3.791055e+002,4.593212e-005,2.165480e-008,-5.217936e-002,8.139268e-004,3,9.432510e-001,1.825000e+000,,,,,,,,,,,,,,,,,,0,4.000000e+000,1.000000e+000,2,2,1.976013e-001,0,,0,
1654269986.724,,1.000000e+003,3.801194e+002,4.599011e-005,5.813713e-010,-5.223749e-002,1.259664e-004,3,9.421089e-001,1.825000e+000,,,,,,,,,,,,,,,,,,0,4.000000e+000,1.000000e+000,2,2,1.869202e-001,0,,0,
1654270046.913,,1.000000e+003,3.811157e+002,4.603965e-005,1.817429e-008,-5.134996e-002,6.682620e-004,3,9.430803e-001,1.825000e+000,,,,,,,,,,,,,,,,,,0,4.000000e+000,1.000000e+000,2,2,2.350159e-001,0,,0,
1654270108.387,,1.000000e+003,3.821409e+002,4.612484e-005,6.263891e-009,-5.416709e-002,4.633098e-004,3,9.429888e-001,1.825000e+000,,,,,,,,,,,,,,,,,,0,4.000000e+000,1.000000e+000,2,2,1.773071e-001,0,,0,
1654270167.868,,1.000000e+003,3.831333e+002,4.623170e-005,3.948437e-008,-5.334525e-002,6.874625e-004,3,9.423064e-001,1.825000e+000,,,,,,,,,,,,,,,,,,0,4.000000e+000,1.000000e+000,2,2,2.376709e-001,0,,0,
1654270229.344,,1.000000e+003,3.841610e+002,4.630497e-005,3.863804e-009,-5.387941e-002,4.382140e-004,3,9.434557e-001,1.825000e+000,,,,,,,,,,,,,,,,,,0,4.000000e+000,1.000000e+000,2,2,2.270203e-001,0,,0,
1654270287.323,,1.000000e+003,3.851403e+002,4.642433e-005,4.211084e-009,-5.410990e-002,1.124470e-003,3,9.436320e-001,1.825000e+000,,,,,,,,,,,,,,,,,,0,4.000000e+000,1.000000e+000,2,2,1.921997e-001,0,,0,
1654270346.512,,1.000000e+003,3.861218e+002,4.644583e-005,2.801901e-008,-5.475460e-002,6.311965e-004,3,9.438543e-001,1.825000e+000,,,,,,,,,,,,,,,,,,0,4.000000e+000,1.000000e+000,2,2,2.172852e-001,0,,0,
1654270406.828,,1.000000e+003,3.871268e+002,4.659846e-005,7.691637e-010,-5.542612e-002,6.677904e-005,3,9.433179e-001,1.825000e+000,,,,,,,,,,,,,,,,,,0,4.000000e+000,1.000000e+000,2,2,2.185059e-001,0,,0,
1654270467.518,,1.000000e+003,3.881342e+002,4.673215e-005,2.957019e-008,-5.585047e-002,1.363443e-003,3,9.423398e-001,1.825000e+000,,,,,,,,,,,,,,,,,,0,4.000000e+000,1.000000e+000,2,2,1.830750e-001,0,,0,
1654270752.259,,1.000000e+003,3.843881e+002,4.680767e-005,2.135280e-010,-5.159894e-002,2.076391e-004,3,9.445617e-001,1.825000e+000,,,,,,,,,,,,,,,,,,0,4.000000e+000,1.000000e+000,2,2,2.380371e-002,0,,0,
1654270909.243,,1.000000e+003,3.862185e+002,4.689448e-005,3.136318e-008,-5.166567e-002,9.635296e-004,3,9.437462e-001,1.825000e+000,,,,,,,,,,,,,,,,,,0,4.000000e+000,1.000000e+000,2,2,2.900085e-001,0,,0,
1654270948.711,,1.000000e+003,3.872332e+002,4.694618e-005,9.873022e-009,-5.296973e-002,4.887401e-004,3,9.437299e-001,1.825000e+000,,,,,,,,,,,,,,,,,,0,4.000000e+000,1.000000e+000,2,2,3.522034e-001,0,,0,
1654270986.446,,1.000000e+003,3.881555e+002,4.702978e-005,2.354811e-008,-5.276292e-002,3.522186e-004,3,9.441387e-001,1.825000e+000,,,,,,,,,,,,,,,,,,0,4.000000e+000,1.000000e+000,2,2,3.174133e-001,0,,0,
1654271031.958,,1.000000e+003,3.891685e+002,4.712100e-005,1.445711e-008,-5.418532e-002,2.233124e-004,3,9.439518e-001,1.825000e+000,,,,,,,,,,,,,,,,,,0,4.000000e+000,1.000000e+000,2,2,2.578125e-001,0,,0,
1654271085.648,,1.000000e+003,3.901315e+002,4.723327e-005,5.262954e-008,-5.417303e-002,3.280368e-004,3,9.442693e-001,1.825000e+000,,,,,,,,,,,,,,,,,,0,4.000000e+000,1.000000e+000,2,2,2.466736e-001,0,,0,
1654271147.588,,1.000000e+003,3.911117e+002,4.740176e-005,3.016443e-008,-5.480686e-002,9.395112e-004,3,9.445195e-001,1.825000e+000,,,,,,,,,,,,,,,,,,0,4.000000e+000,1.000000e+000,2,2,1.985168e-001,0,,0,
1654271216.827,,1.000000e+003,3.921159e+002,4.762467e-005,2.446647e-008,-5.599217e-002,1.001330e-004,3,9.440964e-001,1.825000e+000,,,,,,,,,,,,,,,,,,0,4.000000e+000,1.000000e+000,2,2,1.744995e-001,0,,0,
1654271282.018,,1.000000e+003,3.931066e+002,4.790799e-005,2.464140e-008,-5.636448e-002,1.981323e-004,3,9.444848e-001,1.825000e+000,,,,,,,,,,,,,,,,,,0,4.000000e+000,1.000000e+000,2,2,2.131042e-001,0,,0,
1654271344.207,,1.000000e+003,3.940931e+002,4.838259e-005,2.238170e-010,-5.724007e-002,1.149827e-003,3,9.451910e-001,1.825000e+000,,,,,,,,,,,,,,,,,,0,4.000000e+000,1.000000e+000,2,2,1.889038e-001,0,,0,
1654271406.897,,1.000000e+003,3.951260e+002,4.994862e-005,2.410582e-007,-6.058597e-002,2.985235e-004,3,9.460234e-001,1.825000e+000,,,,,,,,,,,,,,,,,,0,4.000000e+000,1.000000e+000,2,2,2.026978e-001,0,,0,
1654271467.628,,1.000000e+003,3.961321e+002,5.790445e-005,1.096757e-006,-7.271333e-002,1.703043e-003,3,9.513773e-001,1.825000e+000,,,,,,,,,,,,,,,,,,0,4.000000e+000,1.000000e+000,2,2,2.163086e-001,0,,0,
1654271526.568,,1.000000e+003,3.971171e+002,8.068031e-005,2.217674e-006,-9.785937e-002,1.632189e-003,3,9.606693e-001,1.825000e+000,,,,,,,,,,,,,,,,,,0,4.000000e+000,1.000000e+000,2,2,2.043762e-001,0,,0,
1654271592.025,,1.000000e+003,3.982188e+002,1.078799e-004,9.929926e-007,-1.168418e-001,9.413077e-004,3,9.677564e-001,1.825000e+000,,,,,,,,,,,,,,,,,,0,4.000000e+000,1.000000e+000,2,2,2.310791e-001,0,,0,
1654271647.233,,1.000000e+003,3.991195e+002,1.129912e-004,1.741027e-007,-1.196222e-001,3.548290e-004,3,9.686453e-001,1.825000e+000,,,,,,,,,,,,,,,,,,0,4.000000e+000,1.000000e+000,2,2,2.321167e-001,0,,0,
1654271825.723,,1.000000e+003,4.000626e+002,1.153910e-004,1.698839e-008,-1.195435e-001,2.842805e-005,3,9.693993e-001,1.825000e+000,,,,,,,,,,,,,,,,,,0,4.000000e+000,1.000000e+000,2,2,2.587891e-002,0,,0,
1654272086.681,,1.000000e+003,4.000076e+002,1.160009e-004,2.352239e-008,-1.187829e-001,2.469226e-004,3,9.696477e-001,1.825000e+000,,,,,,,,,,,,,,,,,,0,4.000000e+000,1.000000e+000,2,2,2.590942e-002,0,,0,
1654272144.138,,1.000000e+003,3.988264e+002,1.162428e-004,3.467648e-009,-1.180762e-001,6.453736e-005,3,9.697179e-001,1.825000e+000,,,,,,,,,,,,,,,,,,0,4.000000e+000,1.000000e+000,2,2,2.962036e-001,0,,0,
1654272192.078,,1.000000e+003,3.977729e+002,1.164688e-004,4.609812e-008,-1.169373e-001,1.412236e-004,3,9.693594e-001,1.825000e+000,,,,,,,,,,,,,,,,,,0,4.000000e+000,1.000000e+000,2,2,2.947998e-001,0,,0,
1654272227.017,,1.000000e+003,3.967724e+002,1.166614e-004,2.574497e-008,-1.166491e-001,3.611458e-005,3,9.699433e-001,1.825000e+000,,,,,,,,,,,,,,,,,,0,4.000000e+000,1.000000e+000,2,2,4.083252e-001,0,,0,
1654272256.954,,1.000000e+003,3.957539e+002,1.168761e-004,3.074065e-008,-1.155101e-001,2.412011e-004,3,9.694099e-001,1.825000e+000,,,,,,,,,,,,,,,,,,0,4.000000e+000,1.000000e+000,2,2,4.571838e-001,0,,0,
1654272285.941,,1.000000e+003,3.946483e+002,1.170923e-004,1.841867e-009,-1.146545e-001,1.329786e-004,3,9.696498e-001,1.825000e+000,,,,,,,,,,,,,,,,,,0,4.000000e+000,1.000000e+000,2,2,4.675293e-001,0,,0,
1654272311.167,,1.000000e+003,3.937155e+002,1.172363e-004,6.051921e-008,-1.145490e-001,2.821942e-004,3,9.699396e-001,1.825000e+000,,,,,,,,,,,,,,,,,,0,4.000000e+000,1.000000e+000,2,2,4.903870e-001,0,,0,
1654272339.605,,1.000000e+003,3.926841e+002,1.174479e-004,3.863289e-008,-1.133033e-001,3.722041e-004,3,9.698420e-001,1.825000e+000,,,,,,,,,,,,,,,,,,0,4.000000e+000,1.000000e+000,2,2,4.251099e-001,0,,0,
1654272368.043,,1.000000e+003,3.917827e+002,1.175700e-004,1.044410e-008,-1.130301e-001,3.790582e-005,3,9.697092e-001,1.825000e+000,,,,,,,,,,,,,,,,,,0,4.000000e+000,1.000000e+000,2,2,4.107971e-001,0,,0,
1654272401.732,,1.000000e+003,3.908175e+002,1.177847e-004,2.313652e-008,-1.125381e-001,1.157247e-004,3,9.697605e-001,1.825000e+000,,,,,,,,,,,,,,,,,,0,4.000000e+000,1.000000e+000,2,2,3.342896e-001,0,,0,
1654272448.691,,1.000000e+003,3.898849e+002,1.178851e-004,2.466455e-008,-1.119923e-001,1.705946e-004,3,9.698510e-001,1.825000e+000,,,,,,,,,,,,,,,,,,0,4.000000e+000,1.000000e+000,2,2,1.970825e-001,0,,0,
1654272706.893,,1.000000e+003,3.889324e+002,1.180013e-004,6.595735e-008,-1.125174e-001,4.773658e-005,3,9.698356e-001,1.825000e+000,,,,,,,,,,,,,,,,,,0,4.000000e+000,1.000000e+000,2,2,1.226196e-001,0,,0,
1654272796.588,,1.000000e+003,3.878841e+002,1.182051e-004,8.802889e-009,-1.118423e-001,2.705459e-004,3,9.697732e-001,1.825000e+000,,,,,,,,,,,,,,,,,,0,4.000000e+000,1.000000e+000,2,2,2.072144e-001,0,,0,
1654272852.143,,1.000000e+003,3.868599e+002,1.184125e-004,2.490636e-008,-1.113054e-001,2.228989e-004,3,9.693321e-001,1.825000e+000,,,,,,,,,,,,,,,,,,0,4.000000e+000,1.000000e+000,2,2,2.666016e-001,0,,0,
1654272897.582,,1.000000e+003,3.857721e+002,1.186086e-004,2.108886e-008,-1.106695e-001,3.921606e-004,3,9.697336e-001,1.825000e+000,,,,,,,,,,,,,,,,,,0,4.000000e+000,1.000000e+000,2,2,2.893066e-001,0,,0,
1654272934.560,,1.000000e+003,3.848402e+002,1.188185e-004,2.277123e-008,-1.102487e-001,2.157445e-004,3,9.699126e-001,1.825000e+000,,,,,,,,,,,,,,,,,,0,4.000000e+000,1.000000e+000,2,2,2.879028e-001,0,,0,
1654272975.499,,1.000000e+003,3.838356e+002,1.189690e-004,3.971846e-009,-1.093463e-001,3.576792e-004,3,9.698459e-001,1.825000e+000,,,,,,,,,,,,,,,,,,0,4.000000e+000,1.000000e+000,2,2,2.864075e-001,0,,0,
1654273023.253,,1.000000e+003,3.828602e+002,1.191300e-004,4.542928e-008,-1.091900e-001,7.588013e-005,3,9.698188e-001,1.825000e+000,,,,,,,,,,,,,,,,,,0,4.000000e+000,1.000000e+000,2,2,2.373047e-001,0,,0,
1654273082.978,,1.000000e+003,3.818958e+002,1.192964e-004,6.585445e-009,-1.089803e-001,2.279038e-004,3,9.699249e-001,1.825000e+000,,,,,,,,,,,,,,,,,,0,4.000000e+000,1.000000e+000,2,2,1.888123e-001,0,,0,
1654273161.268,,1.000000e+003,3.809131e+002,1.194389e-004,3.452218e-009,-1.085423e-001,5.209983e-004,3,9.697179e-001,1.825000e+000,,,,,,,,,,,,,,,,,,0,4.000000e+000,1.000000e+000,2,2,1.410217e-001,0,,0,
1654273240.487,,1.000000e+003,3.798771e+002,1.195885e-004,1.397349e-008,-1.083812e-001,6.072834e-005,3,9.696819e-001,1.825000e+000,,,,,,,,,,,,,,,,,,0,4.000000e+000,1.000000e+000,2,2,1.632996e-001,0,,0,
1654273305.735,,1.000000e+003,3.788557e+002,1.197860e-004,7.929287e-008,-1.080524e-001,1.813368e-004,3,9.698269e-001,1.825000e+000,,,,,,,,,,,,,,,,,,0,4.000000e+000,1.000000e+000,2,2,2.204895e-001,0,,0,
1654273363.188,,1.000000e+003,3.778603e+002,1.199253e-004,1.439023e-008,-1.075068e-001,1.187487e-004,3,9.699003e-001,1.825000e+000,,,,,,,,,,,,,,,,,,0,4.000000e+000,1.000000e+000,2,2,2.308960e-001,0,,0,
1654273418.381,,1.000000e+003,3.768674e+002,1.200542e-004,5.083141e-009,-1.073361e-001,6.442673e-005,3,9.700480e-001,1.825000e+000,,,,,,,,,,,,,,,,,,0,4.000000e+000,1.000000e+000,2,2,1.723022e-001,0,,0,
1654273473.074,,1.000000e+003,3.758799e+002,1.201537e-004,4.522863e-008,-1.066723e-001,2.710569e-004,3,9.697465e-001,1.825000e+000,,,,,,,,,,,,,,,,,,0,4.000000e+000,1.000000e+000,2,2,2.167969e-001,0,,0,
1654273533.293,,1.000000e+003,3.748666e+002,1.203188e-004,2.293587e-008,-1.063788e-001,1.547738e-004,3,9.701480e-001,1.825000e+000,,,,,,,,,,,,,,,,,,0,4.000000e+000,1.000000e+000,2,2,2.384033e-001,0,,0,
1654273593.484,,1.000000e+003,3.738844e+002,1.204653e-004,1.807396e-008,-1.063426e-001,2.356536e-004,3,9.701217e-001,1.825000e+000,,,,,,,,,,,,,,,,,,0,4.000000e+000,1.000000e+000,2,2,1.918945e-001,0,,0,
1654273656.674,,1.000000e+003,3.728907e+002,1.205685e-004,5.247777e-010,-1.059374e-001,1.631873e-004,3,9.702834e-001,1.825000e+000,,,,,,,,,,,,,,,,,,0,4.000000e+000,1.000000e+000,2,2,1.571960e-001,0,,0,
1654273721.164,,1.000000e+003,3.718719e+002,1.206936e-004,8.711824e-008,-1.052990e-001,2.759828e-004,3,9.703578e-001,1.825000e+000,,,,,,,,,,,,,,,,,,0,4.000000e+000,1.000000e+000,2,2,2.121887e-001,0,,0,
1654273781.854,,1.000000e+003,3.708726e+002,1.208203e-004,5.463347e-008,-1.052888e-001,3.233138e-004,3,9.701360e-001,1.825000e+000,,,,,,,,,,,,,,,,,,0,4.000000e+000,1.000000e+000,2,2,2.332153e-001,0,,0,
1654273842.106,,1.000000e+003,3.698569e+002,1.209097e-004,5.288936e-009,-1.046598e-001,3.021929e-005,3,9.700131e-001,1.825000e+000,,,,,,,,,,,,,,,,,,0,4.000000e+000,1.000000e+000,2,2,1.876831e-001,0,,0,
1654273899.796,,1.000000e+003,3.688771e+002,1.209982e-004,1.892287e-008,-1.043207e-001,1.743668e-004,3,9.705155e-001,1.825000e+000,,,,,,,,,,,,,,,,,,0,4.000000e+000,1.000000e+000,2,2,1.866150e-001,0,,0,
1654273958.785,,1.000000e+003,3.678919e+002,1.210349e-004,6.482547e-009,-1.040742e-001,1.634666e-004,3,9.703751e-001,1.825000e+000,,,,,,,,,,,,,,,,,,0,4.000000e+000,1.000000e+000,2,2,1.964111e-001,0,,0,
1654274019.975,,1.000000e+003,3.668768e+002,1.211498e-004,7.013499e-008,-1.031890e-001,2.069832e-004,3,9.697863e-001,1.825000e+000,,,,,,,,,,,,,,,,,,0,4.000000e+000,1.000000e+000,2,2,2.170105e-001,0,,0,
1654274079.217,,1.000000e+003,3.659028e+002,1.211199e-004,3.043196e-008,-1.028841e-001,6.069409e-004,3,9.698546e-001,1.825000e+000,,,,,,,,,,,,,,,,,,0,4.000000e+000,1.000000e+000,2,2,1.942139e-001,0,,0,
1654274141.406,,1.000000e+003,3.648858e+002,1.211022e-004,2.333717e-008,-1.025267e-001,2.675429e-004,3,9.702910e-001,1.825000e+000,,,,,,,,,,,,,,,,,,0,4.000000e+000,1.000000e+000,2,2,2.145996e-001,0,,0,
1654274203.347,,1.000000e+003,3.638640e+002,1.210938e-004,2.979399e-008,-1.024674e-001,2.129048e-004,3,9.702491e-001,1.825000e+000,,,,,,,,,,,,,,,,,,0,4.000000e+000,1.000000e+000,2,2,2.026978e-001,0,,0,
1654274262.536,,1.000000e+003,3.628801e+002,1.209415e-004,1.359792e-008,-1.020970e-001,4.730457e-005,3,9.700688e-001,1.825000e+000,,,,,,,,,,,,,,,,,,0,4.000000e+000,1.000000e+000,2,2,2.333984e-001,0,,0,
1654274323.522,,1.000000e+003,3.618674e+002,1.207094e-004,2.319311e-008,-1.015170e-001,9.660584e-005,3,9.699669e-001,1.825000e+000,,,,,,,,,,,,,,,,,,0,4.000000e+000,1.000000e+000,2,2,2.214966e-001,0,,0,
1654274381.545,,1.000000e+003,3.608999e+002,1.203751e-004,6.172311e-008,-1.012009e-001,9.339742e-005,3,9.700001e-001,1.825000e+000,,,,,,,,,,,,,,,,,,0,4.000000e+000,1.000000e+000,2,2,1.781921e-001,0,,0,
1654274442.749,,1.000000e+003,3.598727e+002,1.190038e-004,2.704611e-007,-9.958057e-002,3.124188e-004,3,9.696524e-001,1.825000e+000,,,,,,,,,,,,,,,,,,0,4.000000e+000,1.000000e+000,2,2,2.084961e-001,0,,0,
1654274502.762,,1.000000e+003,3.588878e+002,1.098991e-004,1.287640e-006,-9.431884e-002,5.594678e-004,3,9.684411e-001,1.825000e+000,,,,,,,,,,,,,,,,,,0,4.000000e+000,1.000000e+000,2,2,2.177124e-001,0,,0,
1654274565.279,,1.000000e+003,3.578520e+002,9.422391e-005,1.492416e-006,-8.594094e-002,9.265984e-004,3,9.651515e-001,1.825000e+000,,,,,,,,,,,,,,,,,,0,4.000000e+000,1.000000e+000,2,2,2.060852e-001,0,,0,
1654274624.720,,1.000000e+003,3.568659e+002,7.923759e-005,1.288514e-006,-7.659937e-002,8.592320e-004,3,9.604049e-001,1.825000e+000,,,,,,,,,,,,,,,,,,0,4.000000e+000,1.000000e+000,2,2,2.251892e-001,0,,0,
1654274684.680,,1.000000e+003,3.558651e+002,6.680307e-005,8.354666e-007,-6.262733e-002,1.480045e-003,3,9.558414e-001,1.825000e+000,,,,,,,,,,,,,,,,,,0,4.000000e+000,1.000000e+000,2,2,2.037048e-001,0,,0,
1654274744.370,,1.000000e+003,3.548804e+002,5.903460e-005,5.266581e-007,-4.977476e-002,7.536884e-004,3,9.517503e-001,1.825000e+000,,,,,,,,,,,,,,,,,,0,4.000000e+000,1.000000e+000,2,2,2.225952e-001,0,,0,
1654274803.611,,1.000000e+003,3.538912e+002,5.435268e-005,3.637635e-007,-4.297445e-002,1.153043e-003,3,9.486026e-001,1.825000e+000,,,,,,,,,,,,,,,,,,0,4.000000e+000,1.000000e+000,2,2,2.212830e-001,0,,0,
1654274864.373,,1.000000e+003,3.528829e+002,5.154783e-005,1.789672e-007,-3.856093e-002,4.494435e-005,3,9.470160e-001,1.825000e+000,,,,,,,,,,,,,,,,,,0,4.000000e+000,1.000000e+000,2,2,2.201233e-001,0,,0,
1654274926.850,,1.000000e+003,3.518433e+002,4.975562e-005,1.151733e-007,-3.551317e-002,5.635429e-004,3,9.459096e-001,1.825000e+000,,,,,,,,,,,,,,,,,,0,4.000000e+000,1.000000e+000,2,2,2.285767e-001,0,,0,
1654274985.791,,1.000000e+003,3.508645e+002,4.873136e-005,1.172672e-007,-3.345505e-002,7.251549e-004,3,9.453703e-001,1.825000e+000,,,,,,,,,,,,,,,,,,0,4.000000e+000,1.000000e+000,2,2,2.174072e-001,0,,0,
1654275045.542,,1.000000e+003,3.498741e+002,4.817716e-005,3.675759e-008,-3.200365e-002,2.106974e-004,3,9.450696e-001,1.825000e+000,,,,,,,,,,,,,,,,,,0,4.000000e+000,1.000000e+000,2,2,2.062988e-001,0,,0,
1654275105.529,,1.000000e+003,3.488726e+002,4.784923e-005,4.575855e-008,-3.128021e-002,5.706420e-005,3,9.446840e-001,1.825000e+000,,,,,,,,,,,,,,,,,,0,4.000000e+000,1.000000e+000,2,2,1.856079e-001,0,,0,
1654275165.720,,1.000000e+003,3.478770e+002,4.763301e-005,3.024160e-008,-3.020803e-002,4.215883e-004,3,9.443138e-001,1.825000e+000,,,,,,,,,,,,,,,,,,0,4.000000e+000,1.000000e+000,2,2,1.941833e-001,0,,0,
1654275226.908,,1.000000e+003,3.468609e+002,4.748834e-005,5.273501e-009,-2.934707e-002,2.882963e-004,3,9.445323e-001,1.825000e+000,,,,,,,,,,,,,,,,,,0,4.000000e+000,1.000000e+000,2,2,2.315063e-001,0,,0,
1654275285.876,,1.000000e+003,3.458750e+002,4.740002e-005,8.792598e-009,-2.896444e-002,6.713730e-005,3,9.445136e-001,1.825000e+000,,,,,,,,,,,,,,,,,,0,4.000000e+000,1.000000e+000,2,2,2.206116e-001,0,,0,
1654275346.063,,1.000000e+003,3.448878e+002,4.734249e-005,1.129815e-008,-2.849437e-002,1.861653e-004,3,9.443176e-001,1.825000e+000,,,,,,,,,,,,,,,,,,0,4.000000e+000,1.000000e+000,2,2,2.191772e-001,0,,0,
1654275407.751,,1.000000e+003,3.438616e+002,4.734112e-005,3.445011e-008,-2.741371e-002,3.162462e-004,3,9.443001e-001,1.825000e+000,,,,,,,,,,,,,,,,,,0,4.000000e+000,1.000000e+000,2,2,2.368774e-001,0,,0,
1654275467.439,,1.000000e+003,3.428723e+002,4.730850e-005,1.881225e-008,-2.732624e-002,3.153348e-004,3,9.439721e-001,1.825000e+000,,,,,,,,,,,,,,,,,,0,4.000000e+000,1.000000e+000,2,2,2.259827e-001,0,,0,
1654275528.191,,1.000000e+003,3.418726e+002,4.733515e-005,1.663339e-008,-2.673717e-002,3.670977e-004,3,9.445719e-001,1.825000e+000,,,,,,,,,,,,,,,,,,0,4.000000e+000,1.000000e+000,2,2,2.057800e-001,0,,0,
1654275586.878,,1.000000e+003,3.408838e+002,4.730664e-005,2.733474e-008,-2.740799e-002,5.926585e-004,3,9.439391e-001,1.825000e+000,,,,,,,,,,,,,,,,,,0,4.000000e+000,1.000000e+000,2,2,2.045288e-001,0,,0,
1654275647.815,,1.000000e+003,3.398825e+002,4.734422e-005,6.914717e-009,-2.626446e-002,1.202292e-004,3,9.445589e-001,1.825000e+000,,,,,,,,,,,,,,,,,,0,4.000000e+000,1.000000e+000,2,2,2.126160e-001,0,,0,
1654275708.267,,1.000000e+003,3.388736e+002,4.732041e-005,3.573118e-008,-2.626724e-002,1.336753e-004,3,9.441398e-001,1.825000e+000,,,,,,,,,,,,,,,,,,0,4.000000e+000,1.000000e+000,2,2,2.203979e-001,0,,0,
1654275767.774,,1.000000e+003,3.378893e+002,4.734450e-005,1.928301e-008,-2.569395e-002,3.887033e-004,3,9.434062e-001,1.825000e+000,,,,,,,,,,,,,,,,,,0,4.000000e+000,1.000000e+000,2,2,2.100220e-001,0,,0,
1654275829.213,,1.000000e+003,3.368678e+002,4.737320e-005,4.919790e-008,-2.639982e-002,4.595153e-004,3,9.442305e-001,1.825000e+000,,,,,,,,,,,,,,,,,,0,4.000000e+000,1.000000e+000,2,2,2.086182e-001,0,,0,
1654275888.218,,1.000000e+003,3.358958e+002,4.739291e-005,3.807210e-010,-2.563550e-002,8.144484e-005,3,9.443609e-001,1.825000e+000,,,,,,,,,,,,,,,,,,0,4.000000e+000,1.000000e+000,2,2,2.073975e-001,0,,0,
1654275949.156,,1.000000e+003,3.348692e+002,4.741637e-005,1.947338e-009,-2.519252e-002,2.659163e-004,3,9.431349e-001,1.825000e+000,,,,,,,,,,,,,,,,,,0,4.000000e+000,1.000000e+000,2,2,2.149963e-001,0,,0,
1654276009.357,,1.000000e+003,3.338737e+002,4.741500e-005,4.655087e-008,-2.477641e-002,3.510951e-004,3,9.441153e-001,1.825000e+000,,,,,,,,,,,,,,,,,,0,4.000000e+000,1.000000e+000,2,2,2.135925e-001,0,,0,
1654276070.045,,1.000000e+003,3.328644e+002,4.743863e-005,1.268727e-008,-2.413830e-002,5.143759e-004,3,9.438061e-001,1.825000e+000,,,,,,,,,,,,,,,,,,0,4.000000e+000,1.000000e+000,2,2,2.122192e-001,0,,0,
1654276129.250,,1.000000e+003,3.318771e+002,4.749096e-005,1.005824e-008,-2.512628e-002,1.608311e-004,3,9.436425e-001,1.825000e+000,,,,,,,,,,,,,,,,,,0,4.000000e+000,1.000000e+000,2,2,2.109985e-001,0,,0,
1654276190.188,,1.000000e+003,3.308610e+002,4.750858e-005,1.339726e-008,-2.391418e-002,2.106420e-004,3,9.445459e-001,1.825000e+000,,,,,,,,,,,,,,,,,,0,4.000000e+000,1.000000e+000,2,2,2.095032e-001,0,,0,
1654276250.908,,1.000000e+003,3.298384e+002,4.752997e-005,5.445855e-009,-2.397498e-002,1.020241e-003,3,9.445797e-001,1.825000e+000,,,,,,,,,,,,,,,,,,0,4.000000e+000,1.000000e+000,2,2,2.255859e-001,0,,0,
1654276309.852,,1.000000e+003,3.288635e+002,4.756219e-005,2.284326e-008,-2.320075e-002,4.679973e-004,3,9.443281e-001,1.825000e+000,,,,,,,,,,,,,,,,,,0,4.000000e+000,1.000000e+000,2,2,1.811218e-001,0,,0,
1654276370.040,,1.000000e+003,3.278754e+002,4.757126e-005,5.252150e-008,-2.294226e-002,4.173289e-004,3,9.435061e-001,1.825000e+000,,,,,,,,,,,,,,,,,,0,4.000000e+000,1.000000e+000,2,2,2.312012e-001,0,,0,
1654276430.229,,1.000000e+003,3.268681e+002,4.762871e-005,6.088965e-009,-2.331221e-002,7.394190e-004,3,9.443292e-001,1.825000e+000,,,,,,,,,,,,,,,,,,0,4.000000e+000,1.000000e+000,2,2,1.786804e-001,0,,0,
1654276491.172,,1.000000e+003,3.258672e+002,4.763345e-005,1.423845e-008,-2.274629e-002,2.557523e-005,3,9.450033e-001,1.825000e+000,,,,,,,,,,,,,,,,,,0,4.000000e+000,1.000000e+000,2,2,2.113953e-001,0,,0,
1654276551.156,,1.000000e+003,3.248751e+002,4.766263e-005,2.045091e-009,-2.171056e-002,6.533288e-005,3,9.442899e-001,1.825000e+000,,,,,,,,,,,,,,,,,,0,4.000000e+000,1.000000e+000,2,2,2.183838e-001,0,,0,
1654276610.890,,1.000000e+003,3.238685e+002,4.766733e-005,2.337318e-008,-2.262997e-002,2.870345e-004,3,9.451530e-001,1.825000e+000,,,,,,,,,,,,,,,,,,0,4.000000e+000,1.000000e+000,2,2,2.251892e-001,0,,0,
1654276669.650,,1.000000e+003,3.228953e+002,4.771904e-005,3.220437e-008,-2.202513e-002,6.041171e-004,3,9.439642e-001,1.825000e+000,,,,,,,,,,,,,,,,,,0,4.000000e+000,1.000000e+000,2,2,2.072754e-001,0,,0,
1654276730.588,,1.000000e+003,3.218729e+002,4.778659e-005,2.016793e-008,-2.148884e-002,4.010457e-004,3,9.445939e-001,1.825000e+000,,,,,,,,,,,,,,,,,,0,4.000000e+000,1.000000e+000,2,2,2.140808e-001,0,,0,
1654276791.292,,1.000000e+003,3.208675e+002,4.782285e-005,4.106900e-008,-2.208755e-002,9.693801e-004,3,9.443207e-001,1.825000e+000,,,,,,,,,,,,,,,,,,0,4.000000e+000,1.000000e+000,2,2,2.127075e-001,0,,0,
1654276849.566,,1.000000e+003,3.198871e+002,4.780548e-005,3.953840e-009,-2.100803e-002,1.062430e-004,3,9.439741e-001,1.825000e+000,,,,,,,,,,,,,,,,,,0,4.000000e+000,1.000000e+000,2,2,2.031860e-001,0,,0,
1654276911.554,,1.000000e+003,3.188767e+002,4.781551e-005,4.329416e-009,-2.197963e-002,2.098207e-003,3,9.435151e-001,1.825000e+000,,,,,,,,,,,,,,,,,,0,4.000000e+000,1.000000e+000,2,2,2.098999e-001,0,,0,
1654276972.013,,1.000000e+003,3.178530e+002,4.790751e-005,6.886163e-008,-2.005154e-002,9.354295e-004,3,9.439009e-001,1.825000e+000,,,,,,,,,,,,,,,,,,0,4.000000e+000,1.000000e+000,2,2,1.843872e-001,0,,0,
1654277032.203,,1.000000e+003,3.168542e+002,4.792793e-005,1.031034e-008,-2.040525e-002,3.930022e-004,3,9.446689e-001,1.825000e+000,,,,,,,,,,,,,,,,,,0,4.000000e+000,1.000000e+000,2,2,1.991272e-001,0,,0,
1654277091.178,,1.000000e+003,3.158660e+002,4.795815e-005,3.412084e-008,-2.028451e-002,5.731695e-004,3,9.437599e-001,1.825000e+000,,,,,,,,,,,,,,,,,,0,4.000000e+000,1.000000e+000,2,2,2.135925e-001,0,,0,
1654277151.115,,1.000000e+003,3.148767e+002,4.803283e-005,1.556328e-009,-1.987097e-002,8.855870e-004,3,9.444849e-001,1.825000e+000,,,,,,,,,,,,,,,,,,0,4.000000e+000,1.000000e+000,2,2,2.120972e-001,0,,0,
1654277212.803,,1.000000e+003,3.138567e+002,4.808217e-005,3.760135e-008,-2.077736e-002,3.045426e-004,3,9.445307e-001,1.825000e+000,,,,,,,,,,,,,,,,,,0,4.000000e+000,1.000000e+000,2,2,2.028809e-001,0,,0,
1654277272.242,,1.000000e+003,3.128535e+002,4.809886e-005,6.790211e-008,-1.978043e-002,1.135726e-004,3,9.444121e-001,1.825000e+000,,,,,,,,,,,,,,,,,,0,4.000000e+000,1.000000e+000,2,2,2.015076e-001,0,,0,
1654277332.681,,1.000000e+003,3.118630e+002,4.812267e-005,7.174534e-009,-1.912864e-002,7.747447e-004,3,9.443536e-001,1.825000e+000,,,,,,,,,,,,,,,,,,0,4.000000e+000,1.000000e+000,2,2,2.231750e-001,0,,0,
1654277391.368,,1.000000e+003,3.108714e+002,4.817214e-005,3.266998e-009,-1.972941e-002,2.490484e-004,3,9.451963e-001,1.825000e+000,,,,,,,,,,,,,,,,,,0,4.000000e+000,1.000000e+000,2,2,2.141113e-001,0,,0,
1654277451.056,,1.000000e+003,3.098904e+002,4.822451e-005,1.079910e-008,-1.953625e-002,1.120423e-003,3,9.451002e-001,1.825000e+000,,,,,,,,,,,,,,,,,,0,4.000000e+000,1.000000e+000,2,2,1.897888e-001,0,,0,
1654277511.760,,1.000000e+003,3.088764e+002,4.829367e-005,1.369567e-008,-1.861600e-002,2.345367e-004,3,9.451526e-001,1.825000e+000,,,,,,,,,,,,,,,,,,0,4.000000e+000,1.000000e+000,2,2,2.185974e-001,0,,0,
1654277571.726,,1.000000e+003,3.078807e+002,4.832075e-005,1.087627e-008,-1.790757e-002,5.386868e-004,3,9.451762e-001,1.825000e+000,,,,,,,,,,,,,,,,,,0,4.000000e+000,1.000000e+000,2,2,1.872864e-001,0,,0,
1654277631.431,,1.000000e+003,3.068825e+002,4.832853e-005,5.944908e-009,-1.802503e-002,6.822745e-004,3,9.451818e-001,1.825000e+000,,,,,,,,,,,,,,,,,,0,4.000000e+000,1.000000e+000,2,2,2.231140e-001,0,,0,
1654277692.868,,1.000000e+003,3.058598e+002,4.840477e-005,1.772413e-009,-1.839251e-002,7.975540e-004,3,9.441537e-001,1.825000e+000,,,,,,,,,,,,,,,,,,0,4.000000e+000,1.000000e+000,2,2,2.066956e-001,0,,0,
1654277751.056,,1.000000e+003,3.048903e+002,4.838871e-005,3.713316e-008,-1.720283e-002,4.392782e-004,3,9.441626e-001,1.825000e+000,,,,,,,,,,,,,,,,,,0,4.000000e+000,1.000000e+000,2,2,2.127075e-001,0,,0,
1654277811.759,,1.000000e+003,3.038691e+002,4.848260e-005,1.470921e-008,-1.682341e-002,1.684515e-003,3,9.444625e-001,1.825000e+000,,,,,,,,,,,,,,,,,,0,4.000000e+000,1.000000e+000,2,2,2.330017e-001,0,,0,
1654277871.697,,1.000000e+003,3.028805e+002,4.852958e-005,2.288699e-008,-1.817808e-002,7.294249e-004,3,9.447715e-001,1.825000e+000,,,,,,,,,,,,,,,,,,0,4.000000e+000,1.000000e+000,2,2,1.951904e-001,0,,0,
1654277930.635,,1.000000e+003,3.018683e+002,4.857012e-005,2.861839e-008,-1.705655e-002,8.758260e-004,3,9.449862e-001,1.825000e+000,,,,,,,,,,,,,,,,,,0,4.000000e+000,1.000000e+000,2,2,1.939087e-001,0,,0,
1654277992.072,,1.000000e+003,3.008615e+002,4.865345e-005,4.847762e-008,-1.712049e-002,7.668408e-004,3,9.450972e-001,1.825000e+000,,,,,,,,,,,,,,,,,,0,4.000000e+000,1.000000e+000,2,2,2.138977e-001,0,,0,
1654278346.792,,1.000000e+003,3.000070e+002,4.868566e-005,9.111581e-009,-1.741220e-002,1.126862e-004,3,9.454334e-001,1.825000e+000,,,,,,,,,,,,,,,,,,0,4.000000e+000,1.000000e+000,2,2,1.419067e-002,0,,0,
1654278597.498,,1.000000e+003,3.000087e+002,4.863651e-005,3.371697e-008,-1.750396e-002,1.402278e-004,3,9.441901e-001,1.825000e+000,,,,,,,,,,,,,,,,,,0,4.000000e+000,1.000000e+000,2,2,1.422119e-002,0,,0,
1654278705.188,,1.000000e+003,3.011308e+002,4.858584e-005,1.596456e-008,-1.816665e-002,3.491234e-004,3,9.445541e-001,1.825000e+000,,,,,,,,,,,,,,,,,,0,4.000000e+000,1.000000e+000,2,2,2.499084e-001,0,,0,
1654278756.920,,1.000000e+003,3.021485e+002,4.851982e-005,2.269663e-008,-1.949562e-002,2.250536e-004,3,9.451606e-001,1.825000e+000,,,,,,,,,,,,,,,,,,0,4.000000e+000,1.000000e+000,2,2,2.517090e-001,0,,0,
1654278808.124,,1.000000e+003,3.031718e+002,4.849574e-005,1.978208e-009,-1.991369e-002,3.538610e-004,3,9.444367e-001,1.825000e+000,,,,,,,,,,,,,,,,,,0,4.000000e+000,1.000000e+000,2,2,2.319031e-001,0,,0,
1654278857.342,,1.000000e+003,3.041114e+002,4.844174e-005,5.543608e-009,-2.020546e-002,2.355890e-004,3,9.453145e-001,1.825000e+000,,,,,,,,,,,,,,,,,,0,4.000000e+000,1.000000e+000,2,2,2.260742e-001,0,,0,
1654278913.067,,1.000000e+003,3.051031e+002,4.840899e-005,1.746172e-008,-2.099301e-002,1.158090e-004,3,9.450936e-001,1.825000e+000,,,,,,,,,,,,,,,,,,0,4.000000e+000,1.000000e+000,2,2,1.982727e-001,0,,0,
1654278973.506,,1.000000e+003,3.061315e+002,4.833852e-005,1.125957e-008,-2.162603e-002,7.678273e-004,3,9.450852e-001,1.825000e+000,,,,,,,,,,,,,,,,,,0,4.000000e+000,1.000000e+000,2,2,2.145081e-001,0,,0,
1654279033.247,,1.000000e+003,3.071188e+002,4.826917e-005,4.194105e-008,-2.123052e-002,2.233809e-004,3,9.442022e-001,1.825000e+000,,,,,,,,,,,,,,,,,,0,4.000000e+000,1.000000e+000,2,2,2.011108e-001,0,,0,
1654279094.483,,1.000000e+003,3.081299e+002,4.824760e-005,8.419595e-009,-2.156744e-002,2.666499e-004,3,9.441651e-001,1.825000e+000,,,,,,,,,,,,,,,,,,0,4.000000e+000,1.000000e+000,2,2,2.250977e-001,0,,0,
1654279153.670,,1.000000e+003,3.091179e+002,4.819768e-005,9.669800e-009,-2.288493e-002,4.967796e-004,3,9.443676e-001,1.825000e+000,,,,,,,,,,,,,,,,,,0,4.000000e+000,1.000000e+000,2,2,2.341003e-001,0,,0,
1654279214.893,,1.000000e+003,3.101241e+002,4.816651e-005,2.140784e-008,-2.257311e-002,3.426381e-004,3,9.443252e-001,1.825000e+000,,,,,,,,,,,,,,,,,,0,4.000000e+000,1.000000e+000,2,2,2.128906e-001,0,,0,
1654279274.832,,1.000000e+003,3.111335e+002,4.810538e-005,5.878025e-009,-2.298703e-002,3.542746e-004,3,9.445555e-001,1.825000e+000,,,,,,,,,,,,,,,,,,0,4.000000e+000,1.000000e+000,2,2,2.220764e-001,0,,0,
1654279335.547,,1.000000e+003,3.121442e+002,4.804266e-005,1.493558e-008,-2.370853e-002,7.880012e-004,3,9.441695e-001,1.825000e+000,,,,,,,,,,,,,,,,,,0,4.000000e+000,1.000000e+000,2,2,1.927795e-001,0,,0,
1654279394.025,,1.000000e+003,3.131096e+002,4.803232e-005,4.020724e-009,-2.461140e-002,7.559169e-004,3,9.445963e-001,1.825000e+000,,,,,,,,,,,,,,,,,,0,4.000000e+000,1.000000e+000,2,2,2.018127e-001,0,,0,
1654279453.212,,1.000000e+003,3.140988e+002,4.795764e-005,8.049163e-009,-2.486346e-002,2.828304e-004,3,9.442959e-001,1.825000e+000,,,,,,,,,,,,,,,,,,0,4.000000e+000,1.000000e+000,2,2,1.875916e-001,0,,0,
1654279514.150,,1.000000e+003,3.151263e+002,4.794457e-005,5.965488e-009,-2.486435e-002,3.115456e-004,3,9.447668e-001,1.825000e+000,,,,,,,,,,,,,,,,,,0,4.000000e+000,1.000000e+000,2,2,2.047119e-001,0,,0,
1654279573.587,,1.000000e+003,3.161215e+002,4.790485e-005,4.671293e-008,-2.554743e-002,1.472901e-004,3,9.445747e-001,1.825000e+000,,,,,,,,,,,,,,,,,,0,4.000000e+000,1.000000e+000,2,2,2.061157e-001,0,,0,
1654279635.524,,1.000000e+003,3.171531e+002,4.781601e-005,2.011390e-008,-2.518897e-002,1.003293e-004,3,9.438921e-001,1.825000e+000,,,,,,,,,,,,,,,,,,0,4.000000e+000,1.000000e+000,2,2,1.835022e-001,0,,0,
1654279693.713,,1.000000e+003,3.181339e+002,4.781546e-005,8.234379e-009,-2.567345e-002,3.035679e-004,3,9.445806e-001,1.825000e+000,,,,,,,,,,,,,,,,,,0,4.000000e+000,1.000000e+000,2,2,2.008057e-001,0,,0,
1654279755.400,,1.000000e+003,3.191615e+002,4.777026e-005,1.306799e-008,-2.548078e-002,5.626907e-004,3,9.442346e-001,1.825000e+000,,,,,,,,,,,,,,,,,,0,4.000000e+000,1.000000e+000,2,2,2.020874e-001,0,,0,
1654279812.838,,1.000000e+003,3.201147e+002,4.773911e-005,2.613856e-008,-2.654087e-002,7.045214e-004,3,9.447231e-001,1.825000e+000,,,,,,,,,,,,,,,,,,0,4.000000e+000,1.000000e+000,2,2,1.871948e-001,0,,0,
1654279873.025,,1.000000e+003,3.211213e+002,4.770045e-005,3.519097e-009,-2.733007e-002,7.062758e-005,3,9.439459e-001,1.825000e+000,,,,,,,,,,,,,,,,,,0,4.000000e+000,1.000000e+000,2,2,1.966248e-001,0,,0,
1654279934.483,,1.000000e+003,3.221469e+002,4.761951e-005,9.710959e-009,-2.734803e-002,5.435679e-004,3,9.439240e-001,1.825000e+000,,,,,,,,,,,,,,,,,,0,4.000000e+000,1.000000e+000,2,2,2.062073e-001,0,,0,
1654279993.421,,1.000000e+003,3.231318e+002,4.761531e-005,4.905642e-008,-2.839955e-002,1.214563e-003,3,9.434420e-001,1.825000e+000,,,,,,,,,,,,,,,,,,0,4.000000e+000,1.000000e+000,2,2,2.076111e-001,0,,0,
1654280054.421,,1.000000e+003,3.241482e+002,4.760998e-005,3.035479e-009,-2.879369e-002,1.413546e-003,3,9.443079e-001,1.825000e+000,,,,,,,,,,,,,,,,,,0,4.000000e+000,1.000000e+000,2,2,2.005920e-001,0,,0,
1654280112.919,,1.000000e+003,3.251336e+002,4.751120e-005,2.124578e-008,-2.857775e-002,8.194006e-005,3,9.438379e-001,1.825000e+000,,,,,,,,,,,,,,,,,,0,4.000000e+000,1.000000e+000,2,2,1.935120e-001,0,,0,
1654280173.166,,1.000000e+003,3.261253e+002,4.747864e-005,3.827790e-009,-2.932823e-002,4.516061e-004,3,9.432460e-001,1.825000e+000,,,,,,,,,,,,,,,,,,0,4.000000e+000,1.000000e+000,2,2,1.777954e-001,0,,0,
1654280232.915,,1.000000e+003,3.271256e+002,4.743564e-005,4.962236e-009,-2.973103e-002,5.949080e-004,3,9.435602e-001,1.825000e+000,,,,,,,,,,,,,,,,,,0,4.000000e+000,1.000000e+000,2,2,2.215881e-001,0,,0,
1654280292.378,,1.000000e+003,3.281175e+002,4.742711e-005,2.804988e-008,-2.971190e-002,1.130692e-003,3,9.441733e-001,1.825000e+000,,,,,,,,,,,,,,,,,,0,4.000000e+000,1.000000e+000,2,2,1.716003e-001,0,,0,
1654280353.366,,1.000000e+003,3.291374e+002,4.736911e-005,3.846054e-008,-2.950929e-002,9.779214e-004,3,9.441081e-001,1.825000e+000,,,,,,,,,,,,,,,,,,0,4.000000e+000,1.000000e+000,2,2,2.073059e-001,0,,0,
1654280413.553,,1.000000e+003,3.301271e+002,4.736487e-005,2.304649e-008,-3.065629e-002,7.103035e-004,3,9.435532e-001,1.825000e+000,,,,,,,,,,,,,,,,,,0,4.000000e+000,1.000000e+000,2,2,2.345886e-001,0,,0,
1654280473.296,,1.000000e+003,3.311384e+002,4.732580e-005,2.121748e-008,-3.158534e-002,8.458675e-004,3,9.429795e-001,1.825000e+000,,,,,,,,,,,,,,,,,,0,4.000000e+000,1.000000e+000,2,2,2.011719e-001,0,,0,
1654280532.984,,1.000000e+003,3.321255e+002,4.725824e-005,3.416457e-008,-3.192164e-002,2.332696e-004,3,9.438868e-001,1.825000e+000,,,,,,,,,,,,,,,,,,0,4.000000e+000,1.000000e+000,2,2,2.376099e-001,0,,0,
1654280595.215,,1.000000e+003,3.331676e+002,4.724388e-005,5.179092e-008,-3.263985e-002,1.081528e-003,3,9.438455e-001,1.825000e+000,,,,,,,,,,,,,,,,,,0,4.000000e+000,1.000000e+000,2,2,2.214966e-001,0,,0,
1654280651.962,,1.000000e+003,3.341097e+002,4.724854e-005,1.570989e-008,-3.233815e-002,5.580243e-005,3,9.441543e-001,1.825000e+000,,,,,,,,,,,,,,,,,,0,4.000000e+000,1.000000e+000,2,2,2.051086e-001,0,,0,
1654280713.649,,1.000000e+003,3.351337e+002,4.722825e-005,4.221630e-008,-3.291816e-002,4.212367e-004,3,9.439068e-001,1.825000e+000,,,,,,,,,,,,,,,,,,0,4.000000e+000,1.000000e+000,2,2,2.244263e-001,0,,0,
1654280773.599,,1.000000e+003,3.361461e+002,4.718226e-005,1.698325e-008,-3.326172e-002,3.895001e-004,3,9.436762e-001,1.825000e+000,,,,,,,,,,,,,,,,,,0,4.000000e+000,1.000000e+000,2,2,1.987000e-001,0,,0,
1654280833.088,,1.000000e+003,3.371334e+002,4.714290e-005,1.868620e-008,-3.375549e-002,1.123398e-004,3,9.440815e-001,1.825000e+000,,,,,,,,,,,,,,,,,,0,4.000000e+000,1.000000e+000,2,2,2.180176e-001,0,,0,
1654280893.783,,1.000000e+003,3.381496e+002,4.715116e-005,5.332668e-009,-3.369612e-002,4.952518e-005,3,9.433329e-001,1.825000e+000,,,,,,,,,,,,,,,,,,0,4.000000e+000,1.000000e+000,2,2,2.012024e-001,0,,0,
1654280952.531,,1.000000e+003,3.391310e+002,4.713621e-005,6.106971e-009,-3.449730e-002,1.359673e-003,3,9.435515e-001,1.825000e+000,,,,,,,,,,,,,,,,,,0,4.000000e+000,1.000000e+000,2,2,2.023926e-001,0,,0,
1654281012.718,,1.000000e+003,3.401254e+002,4.706944e-005,3.076638e-008,-3.532072e-002,4.373657e-004,3,9.436734e-001,1.825000e+000,,,,,,,,,,,,,,,,,,0,4.000000e+000,1.000000e+000,2,2,2.313843e-001,0,,0,
1654281072.406,,1.000000e+003,3.411328e+002,4.705931e-005,1.386545e-008,-3.471963e-002,1.914916e-004,3,9.436769e-001,1.825000e+000,,,,,,,,,,,,,,,,,,0,4.000000e+000,1.000000e+000,2,2,2.514038e-001,0,,0,
1654281132.369,,1.000000e+003,3.421302e+002,4.705481e-005,3.441924e-009,-3.644753e-002,9.332629e-005,3,9.437324e-001,1.825000e+000,,,,,,,,,,,,,,,,,,0,4.000000e+000,1.000000e+000,2,2,2.249146e-001,0,,0,
1654281193.559,,1.000000e+003,3.431526e+002,4.699649e-005,3.104935e-009,-3.555457e-002,8.518879e-004,3,9.434405e-001,1.825000e+000,,,,,,,,,,,,,,,,,,0,4.000000e+000,1.000000e+000,2,2,1.979980e-001,0,,0,
1654281252.746,,1.000000e+003,3.441389e+002,4.697574e-005,4.121562e-008,-3.621370e-002,4.523463e-004,3,9.431281e-001,1.825000e+000,,,,,,,,,,,,,,,,,,0,4.000000e+000,1.000000e+000,2,2,2.087097e-001,0,,0,
1654281311.433,,1.000000e+003,3.451168e+002,4.697838e-005,4.302405e-008,-3.653806e-002,4.976278e-004,3,9.437732e-001,1.825000e+000,,,,,,,,,,,,,,,,,,0,4.000000e+000,1.000000e+000,2,2,2.004089e-001,0,,0,
1654281373.121,,1.000000e+003,3.461437e+002,4.695579e-005,1.273872e-008,-3.672463e-002,7.690562e-004,3,9.436278e-001,1.825000e+000,,,,,,,,,,,,,,,,,,0,4.000000e+000,1.000000e+000,2,2,1.921997e-001,0,,0,
1654281430.815,,1.000000e+003,3.471143e+002,4.697337e-005,5.124300e-009,-3.813953e-002,6.913137e-005,3,9.434922e-001,1.825000e+000,,,,,,,,,,,,,,,,,,0,4.000000e+000,1.000000e+000,2,2,2.029114e-001,0,,0,
1654281490.010,,1.000000e+003,3.481028e+002,4.695333e-005,3.918597e-008,-3.890822e-002,1.059493e-004,3,9.440509e-001,1.825000e+000,,,,,,,,,,,,,,,,,,0,4.000000e+000,1.000000e+000,2,2,1.943970e-001,0,,0,
1654281551.200,,1.000000e+003,3.491218e+002,4.691225e-005,1.133931e-008,-3.879209e-002,7.837549e-004,3,9.436123e-001,1.825000e+000,,,,,,,,,,,,,,,,,,0,4.000000e+000,1.000000e+000,2,2,2.348022e-001,0,,0,
1654281611.460,,1.000000e+003,3.501346e+002,4.694997e-005,2.206896e-008,-3.944740e-002,1.520500e-004,3,9.437609e-001,1.825000e+000,,,,,,,,,,,,,,,,,,0,4.000000e+000,1.000000e+000,2,2,2.164917e-001,0,,0,
1654281670.705,,1.000000e+003,3.511142e+002,4.693268e-005,4.819723e-008,-3.928230e-002,1.372130e-003,3,9.435697e-001,1.825000e+000,,,,,,,,,,,,,,,,,,0,4.000000e+000,1.000000e+000,2,2,2.276917e-001,0,,0,
1654281731.150,,1.000000e+003,3.521293e+002,4.691087e-005,7.508952e-009,-3.922576e-002,5.727467e-004,3,9.435445e-001,1.825000e+000,,,,,,,,,,,,,,,,,,0,4.000000e+000,1.000000e+000,2,2,1.991882e-001,0,,0,
1654281791.092,,1.000000e+003,3.531181e+002,4.689382e-005,1.371882e-008,-4.013326e-002,1.785599e-003,3,9.437085e-001,1.825000e+000,,,,,,,,,,,,,,,,,,0,4.000000e+000,1.000000e+000,2,2,1.802979e-001,0,,0,
1654281852.031,,1.000000e+003,3.541305e+002,4.689627e-005,2.617714e-008,-4.070482e-002,1.387948e-004,3,9.432892e-001,1.825000e+000,,,,,,,,,,,,,,,,,,0,4.000000e+000,1.000000e+000,2,2,2.318115e-001,0,,0,
1654281911.735,,1.000000e+003,3.551336e+002,4.693797e-005,6.243311e-009,-4.130947e-002,1.371235e-003,3,9.435219e-001,1.825000e+000,,,,,,,,,,,,,,,,,,0,4.000000e+000,1.000000e+000,2,2,2.026978e-001,0,,0,
1654281972.675,,1.000000e+003,3.561505e+002,4.692918e-005,2.393398e-008,-4.149597e-002,6.053499e-004,3,9.431965e-001,1.825000e+000,,,,,,,,,,,,,,,,,,0,4.000000e+000,1.000000e+000,2,2,2.040100e-001,0,,0,
1654282030.184,,1.000000e+003,3.571196e+002,4.689433e-005,4.731488e-008,-4.112441e-002,1.340520e-003,3,9.441749e-001,1.825000e+000,,,,,,,,,,,,,,,,,,0,4.000000e+000,1.000000e+000,2,2,2.052002e-001,0,,0,
1654282090.875,,1.000000e+003,3.581252e+002,4.692910e-005,5.265012e-008,-4.238874e-002,4.512452e-004,3,9.435403e-001,1.825000e+000,,,,,,,,,,,,,,,,,,0,4.000000e+000,1.000000e+000,2,2,1.856995e-001,0,,0,
1654282151.452,,1.000000e+003,3.591264e+002,4.694336e-005,3.576205e-008,-4.234266e-002,9.934803e-005,3,9.426110e-001,1.825000e+000,,,,,,,,,,,,,,,,,,0,4.000000e+000,1.000000e+000,2,2,1.765137e-001,0,,0,
1654282210.392,,1.000000e+003,3.601178e+002,4.691507e-005,3.670872e-009,-4.257745e-002,7.025195e-004,3,9.438676e-001,1.825000e+000,,,,,,,,,,,,,,,,,,0,4.000000e+000,1.000000e+000,2,2,2.087097e-001,0,,0,
1654282269.332,,1.000000e+003,3.611045e+002,4.690023e-005,5.065134e-009,-4.428766e-002,8.821441e-004,3,9.439499e-001,1.825000e+000,,,,,,,,,,,,,,,,,,0,4.000000e+000,1.000000e+000,2,2,1.995239e-001,0,,0,
1654282331.571,,1.000000e+003,3.621470e+002,4.690909e-005,4.643254e-009,-4.352523e-002,7.954190e-004,3,9.427101e-001,1.825000e+000,,,,,,,,,,,,,,,,,,0,4.000000e+000,1.000000e+000,2,2,2.217102e-001,0,,0,
1654282391.510,,1.000000e+003,3.631401e+002,4.694582e-005,2.019108e-008,-4.345038e-002,6.753954e-004,3,9.430866e-001,1.825000e+000,,,,,,,,,,,,,,,,,,0,4.000000e+000,1.000000e+000,2,2,1.911011e-001,0,,0,
1654282450.247,,1.000000e+003,3.641336e+002,4.696963e-005,4.461896e-008,-4.504646e-002,6.945985e-004,3,9.438449e-001,1.825000e+000,,,,,,,,,,,,,,,,,,0,4.000000e+000,1.000000e+000,2,2,1.816101e-001,0,,0,
1654282510.941,,1.000000e+003,3.651354e+002,4.695918e-005,2.873416e-009,-4.560484e-002,2.345419e-004,3,9.438825e-001,1.825000e+000,,,,,,,,,,,,,,,,,,0,4.000000e+000,1.000000e+000,2,2,2.255859e-001,0,,0,
1654282572.630,,1.000000e+003,3.661647e+002,4.698016e-005,2.960106e-008,-4.598570e-002,5.979399e-004,3,9.445360e-001,1.825000e+000,,,,,,,,,,,,,,,,,,0,4.000000e+000,1.000000e+000,2,2,2.054138e-001,0,,0,
1654282629.913,,1.000000e+003,3.671104e+002,4.705013e-005,1.168659e-008,-4.542083e-002,5.295752e-005,3,9.438848e-001,1.825000e+000,,,,,,,,,,,,,,,,,,0,4.000000e+000,1.000000e+000,2,2,1.956787e-001,0,,0,
1654282690.162,,1.000000e+003,3.681240e+002,4.706495e-005,4.252243e-009,-4.633397e-002,2.756088e-004,3,9.434530e-001,1.825000e+000,,,,,,,,,,,,,,,,,,0,4.000000e+000,1.000000e+000,2,2,1.966858e-001,0,,0,
1654282750.165,,1.000000e+003,3.691133e+002,4.705193e-005,2.575012e-008,-4.656900e-002,1.611643e-004,3,9.439441e-001,1.825000e+000,,,,,,,,,,,,,,,,,,0,4.000000e+000,1.000000e+000,2,2,2.198181e-001,0,,0,
1654282809.854,,1.000000e+003,3.701192e+002,4.712668e-005,2.326771e-008,-4.725622e-002,1.484104e-003,3,9.443846e-001,1.825000e+000,,,,,,,,,,,,,,,,,,0,4.000000e+000,1.000000e+000,2,2,1.990051e-001,0,,0,
1654282870.147,,1.000000e+003,3.711309e+002,4.712956e-005,2.415522e-009,-4.852257e-002,6.321000e-004,3,9.445262e-001,1.825000e+000,,,,,,,,,,,,,,,,,,0,4.000000e+000,1.000000e+000,2,2,2.111816e-001,0,,0,
1654282931.352,,1.000000e+003,3.721568e+002,4.719396e-005,3.023903e-008,-4.787958e-002,4.909397e-004,3,9.444230e-001,1.825000e+000,,,,,,,,,,,,,,,,,,0,4.000000e+000,1.000000e+000,2,2,2.236938e-001,0,,0,
1654282989.349,,1.000000e+003,3.731126e+002,4.722657e-005,9.610634e-009,-4.813932e-002,2.643503e-004,3,9.441452e-001,1.825000e+000,,,,,,,,,,,,,,,,,,0,4.000000e+000,1.000000e+000,2,2,2.023010e-001,0,,0,
1654283051.322,,1.000000e+003,3.741330e+002,4.725531e-005,2.037115e-008,-4.923188e-002,1.083024e-003,3,9.432840e-001,1.825000e+000,,,,,,,,,,,,,,,,,,0,4.000000e+000,1.000000e+000,2,2,2.033997e-001,0,,0,
1654283109.790,,1.000000e+003,3.751194e+002,4.736474e-005,2.107600e-008,-4.915108e-002,8.451787e-004,3,9.436154e-001,1.825000e+000,,,,,,,,,,,,,,,,,,0,4.000000e+000,1.000000e+000,2,2,2.044983e-001,0,,0,
1654283170.981,,1.000000e+003,3.761456e+002,4.735707e-005,3.567975e-009,-4.935294e-002,8.057687e-005,3,9.437065e-001,1.825000e+000,,,,,,,,,,,,,,,,,,0,4.000000e+000,1.000000e+000,2,2,2.058105e-001,0,,0,
1654283230.231,,1.000000e+003,3.771374e+002,4.747895e-005,4.682097e-008,-4.977399e-002,8.171800e-004,3,9.439567e-001,1.825000e+000,,,,,,,,,,,,,,,,,,0,4.000000e+000,1.000000e+000,2,2,2.070007e-001,0,,0,
1654283288.171,,1.000000e+003,3.781028e+002,4.755401e-005,2.720097e-008,-5.070325e-002,3.483437e-005,3,9.442009e-001,1.825000e+000,,,,,,,,,,,,,,,,,,0,4.000000e+000,1.000000e+000,2,2,1.965027e-001,0,,0,
1654283349.698,,1.000000e+003,3.791258e+002,4.762576e-005,3.549966e-010,-5.156589e-002,1.940889e-004,3,9.441424e-001,1.825000e+000,,,,,,,,,,,,,,,,,,0,4.000000e+000,1.000000e+000,2,2,2.324829e-001,0,,0,
1654283409.137,,1.000000e+003,3.801136e+002,4.772222e-005,2.788267e-008,-5.168386e-002,7.719985e-005,3,9.441934e-001,1.825000e+000,,,,,,,,,,,,,,,,,,0,4.000000e+000,1.000000e+000,2,2,2.218933e-001,0,,0,
1654283469.078,,1.000000e+003,3.811127e+002,4.784539e-005,6.029798e-009,-5.214463e-002,1.459150e-003,3,9.442102e-001,1.825000e+000,,,,,,,,,,,,,,,,,,0,4.000000e+000,1.000000e+000,2,2,2.232971e-001,0,,0,
1654283530.767,,1.000000e+003,3.821439e+002,4.796216e-005,2.779264e-008,-5.306799e-002,1.523298e-003,3,9.447199e-001,1.825000e+000,,,,,,,,,,,,,,,,,,0,4.000000e+000,1.000000e+000,2,2,1.654053e-001,0,,0,
1654283588.752,,1.000000e+003,3.831303e+002,4.816141e-005,1.453171e-008,-5.314821e-002,1.826802e-004,3,9.452547e-001,1.825000e+000,,,,,,,,,,,,,,,,,,0,4.000000e+000,1.000000e+000,2,2,2.020264e-001,0,,0,
1654283650.952,,1.000000e+003,3.841520e+002,4.849558e-005,4.659460e-008,-5.448824e-002,1.474955e-004,3,9.451396e-001,1.825000e+000,,,,,,,,,,,,,,,,,,0,4.000000e+000,1.000000e+000,2,2,1.672058e-001,0,,0,
1654283708.641,,1.000000e+003,3.851103e+002,4.942380e-005,7.349717e-008,-5.434230e-002,2.789779e-004,3,9.456840e-001,1.825000e+000,,,,,,,,,,,,,,,,,,0,4.000000e+000,1.000000e+000,2,2,2.161255e-001,0,,0,
1654283768.332,,1.000000e+003,3.861128e+002,5.196829e-005,2.553018e-007,-5.901572e-002,8.972011e-004,3,9.469594e-001,1.825000e+000,,,,,,,,,,,,,,,,,,0,4.000000e+000,1.000000e+000,2,2,1.931763e-001,0,,0,
1654283829.021,,1.000000e+003,3.871328e+002,5.782489e-005,6.302837e-007,-6.706879e-002,9.016159e-004,3,9.507498e-001,1.825000e+000,,,,,,,,,,,,,,,,,,0,4.000000e+000,1.000000e+000,2,2,1.942139e-001,0,,0,
1654283889.212,,1.000000e+003,3.881220e+002,6.879908e-005,1.098000e-006,-8.185523e-002,2.181047e-003,3,9.560288e-001,1.825000e+000,,,,,,,,,,,,,,,,,,0,4.000000e+000,1.000000e+000,2,2,2.074890e-001,0,,0,
1654283948.902,,1.000000e+003,3.891194e+002,8.627374e-005,1.561250e-006,-9.851612e-002,9.987750e-004,3,9.622950e-001,1.825000e+000,,,,,,,,,,,,,,,,,,0,4.000000e+000,1.000000e+000,2,2,2.085266e-001,0,,0,
1654284009.873,,1.000000e+003,3.901500e+002,1.068560e-004,1.370261e-006,-1.132174e-001,7.901691e-004,3,9.675753e-001,1.825000e+000,,,,,,,,,,,,,,,,,,0,4.000000e+000,1.000000e+000,2,2,2.220764e-001,0,,0,
1654284069.088,,1.000000e+003,3.911241e+002,1.162705e-004,9.532946e-008,-1.188135e-001,1.619018e-004,3,9.693142e-001,1.825000e+000,,,,,,,,,,,,,,,,,,0,4.000000e+000,1.000000e+000,2,2,2.109985e-001,0,,0,
1654284129.327,,1.000000e+003,3.921284e+002,1.168643e-004,1.900518e-008,-1.191614e-001,6.618899e-004,3,9.697712e-001,1.825000e+000,,,,,,,,,,,,,,,,,,0,4.000000e+000,1.000000e+000,2,2,1.994934e-001,0,,0,
1654284188.268,,1.000000e+003,3.931097e+002,1.169358e-004,6.311223e-008,-1.196638e-001,5.093974e-004,3,9.693133e-001,1.825000e+000,,,,,,,,,,,,,,,,,,0,4.000000e+000,1.000000e+000,2,2,2.005005e-001,0,,0,
1654284248.958,,1.000000e+003,3.941183e+002,1.168111e-004,4.360285e-008,-1.196768e-001,1.575554e-004,3,9.695801e-001,1.825000e+000,,,,,,,,,,,,,,,,,,0,4.000000e+000,1.000000e+000,2,2,2.141724e-001,0,,0,
1654284309.963,,1.000000e+003,3.951450e+002,1.167377e-004,2.325485e-008,-1.197725e-001,9.942442e-005,3,9.695148e-001,1.825000e+000,,,,,,,,,,,,,,,,,,0,4.000000e+000,1.000000e+000,2,2,2.026978e-001,0,,0,
1654284367.173,,1.000000e+003,3.960907e+002,1.166739e-004,4.512059e-008,-1.200767e-001,1.143286e-004,3,9.697091e-001,1.825000e+000,,,,,,,,,,,,,,,,,,0,4.000000e+000,1.000000e+000,2,2,1.781006e-001,0,,0,
1654284429.863,,1.000000e+003,3.971522e+002,1.165843e-004,3.313302e-009,-1.199581e-001,6.820941e-005,3,9.692781e-001,1.825000e+000,,,,,,,,,,,,,,,,,,0,4.000000e+000,1.000000e+000,2,2,2.172852e-001,0,,0,
1654284489.054,,1.000000e+003,3.981321e+002,1.164714e-004,6.070957e-010,-1.205297e-001,9.966676e-005,3,9.692674e-001,1.825000e+000,,,,,,,,,,,,,,,,,,0,4.000000e+000,1.000000e+000,2,2,2.310791e-001,0,,0,
1654284550.818,,1.000000e+003,3.991582e+002,1.163505e-004,3.638458e-008,-1.201389e-001,7.122817e-006,3,9.694145e-001,1.825000e+000,,,,,,,,,,,,,,,,,,0,4.000000e+000,1.000000e+000,2,2,2.320862e-001,0,,0,
1654284854.273,,1.000000e+003,3.999816e+002,1.164868e-004,4.226003e-008,-1.192510e-001,4.719288e-004,3,9.691808e-001,1.825000e+000,,,,,,,,,,,,,,,,,,0,4.000000e+000,1.000000e+000,2,2,1.300049e-002,0,,0,
1654285114.225,,1.000000e+003,4.000011e+002,1.166539e-004,9.893603e-009,-1.181281e-001,9.553636e-005,3,9.699664e-001,1.825000e+000,,,,,,,,,,,,,,,,,,0,4.000000e+000,1.000000e+000,2,2,3.881836e-002,0,,0,
1654285174.415,,1.000000e+003,3.988329e+002,1.168269e-004,1.943735e-008,-1.170645e-001,2.174145e-004,3,9.695182e-001,1.825000e+000,,,,,,,,,,,,,,,,,,0,4.000000e+000,1.000000e+000,2,2,2.962036e-001,0,,0,
1654285222.604,,1.000000e+003,3.978211e+002,1.170542e-004,2.053836e-008,-1.159141e-001,1.153717e-004,3,9.695985e-001,1.825000e+000,,,,,,,,,,,,,,,,,,0,4.000000e+000,1.000000e+000,2,2,3.334045e-001,0,,0,
1654285260.543,,1.000000e+003,3.967181e+002,1.172604e-004,1.129815e-008,-1.150578e-001,1.191913e-004,3,9.696475e-001,1.825000e+000,,,,,,,,,,,,,,,,,,0,4.000000e+000,1.000000e+000,2,2,3.571167e-001,0,,0,
1654285288.290,,1.000000e+003,3.957063e+002,1.174653e-004,4.548588e-008,-1.147155e-001,2.081528e-005,3,9.697770e-001,1.825000e+000,,,,,,,,,,,,,,,,,,0,4.000000e+000,1.000000e+000,2,2,5.079956e-001,0,,0,
1654285314.028,,1.000000e+003,3.947178e+002,1.176558e-004,2.572954e-008,-1.140771e-001,2.082054e-005,3,9.696264e-001,1.825000e+000,,,,,,,,,,,,,,,,,,0,4.000000e+000,1.000000e+000,2,2,4.677124e-001,0,,0,
1654285340.966,,1.000000e+003,3.937438e+002,1.178706e-004,2.882676e-008,-1.131709e-001,2.478340e-004,3,9.696906e-001,1.825000e+000,,,,,,,,,,,,,,,,,,0,4.000000e+000,1.000000e+000,2,2,4.526978e-001,0,,0,
1654285367.404,,1.000000e+003,3.927685e+002,1.180285e-004,2.567300e-009,-1.126746e-001,1.114521e-004,3,9.697517e-001,1.825000e+000,,,,,,,,,,,,,,,,,,0,4.000000e+000,1.000000e+000,2,2,4.628906e-001,0,,0,
1654285396.593,,1.000000e+003,3.917827e+002,1.182176e-004,9.290623e-008,-1.123475e-001,3.065551e-004,3,9.697771e-001,1.825000e+000,,,,,,,,,,,,,,,,,,0,4.000000e+000,1.000000e+000,2,2,3.858948e-001,0,,0,
1654285430.606,,1.000000e+003,3.908051e+002,1.183748e-004,3.889014e-008,-1.116719e-001,4.600065e-004,3,9.700239e-001,1.825000e+000,,,,,,,,,,,,,,,,,,0,4.000000e+000,1.000000e+000,2,2,3.218994e-001,0,,0,
1654285474.074,,1.000000e+003,3.898541e+002,1.185302e-004,4.531609e-008,-1.110615e-001,1.682608e-004,3,9.700064e-001,1.825000e+000,,,,,,,,,,,,,,,,,,0,4.000000e+000,1.000000e+000,2,2,1.969910e-001,0,,0,
1654285732.276,,1.000000e+003,3.889538e+002,1.186308e-004,5.988639e-009,-1.115467e-001,1.294540e-004,3,9.696285e-001,1.825000e+000,,,,,,,,,,,,,,,,,,0,4.000000e+000,1.000000e+000,2,2,1.104126e-001,0,,0,
1654285824.218,,1.000000e+003,3.878933e+002,1.188827e-004,6.656959e-008,-1.114402e-001,7.477378e-005,3,9.699435e-001,1.825000e+000,,,,,,,,,,,,,,,,,,0,4.000000e+000,1.000000e+000,2,2,1.950073e-001,0,,0,
1654285879.186,,1.000000e+003,3.868478e+002,1.190420e-004,4.208511e-009,-1.107030e-001,1.923582e-004,3,9.697642e-001,1.825000e+000,,,,,,,,,,,,,,,,,,0,4.000000e+000,1.000000e+000,2,2,2.666016e-001,0,,0,
1654285924.124,,1.000000e+003,3.857841e+002,1.192528e-004,2.865183e-008,-1.104059e-001,1.153138e-004,3,9.701658e-001,1.825000e+000,,,,,,,,,,,,,,,,,,0,4.000000e+000,1.000000e+000,2,2,3.616028e-001,0,,0,
1654285961.813,,1.000000e+003,3.848312e+002,1.194435e-004,1.993641e-008,-1.102134e-001,2.153388e-004,3,9.699568e-001,1.825000e+000,,,,,,,,,,,,,,,,,,0,4.000000e+000,1.000000e+000,2,2,3.237915e-001,0,,0,
1654286002.077,,1.000000e+003,3.838446e+002,1.196111e-004,2.727815e-008,-1.092658e-001,1.678393e-004,3,9.699532e-001,1.825000e+000,,,,,,,,,,,,,,,,,,0,4.000000e+000,1.000000e+000,2,2,2.744141e-001,0,,0,
1654286050.015,,1.000000e+003,3.828721e+002,1.197373e-004,1.530087e-008,-1.092906e-001,1.163253e-005,3,9.699545e-001,1.825000e+000,,,,,,,,,,,,,,,,,,0,4.000000e+000,1.000000e+000,2,2,2.373047e-001,0,,0,
1654286111.459,,1.000000e+003,3.818988e+002,1.199324e-004,5.701040e-008,-1.088068e-001,9.994598e-005,3,9.700630e-001,1.825000e+000,,,,,,,,,,,,,,,,,,0,4.000000e+000,1.000000e+000,2,2,1.534729e-001,0,,0,
1654286193.173,,1.000000e+003,3.808837e+002,1.201078e-004,2.124841e-009,-1.081590e-001,4.435113e-004,3,9.699731e-001,1.825000e+000,,,,,,,,,,,,,,,,,,0,4.000000e+000,1.000000e+000,2,2,1.643982e-001,0,,0,
1654286268.877,,1.000000e+003,3.798917e+002,1.202762e-004,1.993641e-008,-1.082856e-001,1.503167e-004,3,9.699639e-001,1.825000e+000,,,,,,,,,,,,,,,,,,0,4.000000e+000,1.000000e+000,2,2,1.749878e-001,0,,0,
1654286334.819,,1.000000e+003,3.788673e+002,1.204304e-004,9.049844e-009,-1.076898e-001,2.832374e-004,3,9.701652e-001,1.825000e+000,,,,,,,,,,,,,,,,,,0,4.000000e+000,1.000000e+000,2,2,2.204895e-001,0,,0,
1654286393.303,,1.000000e+003,3.778631e+002,1.206270e-004,3.202173e-008,-1.073875e-001,1.574501e-004,3,9.702153e-001,1.825000e+000,,,,,,,,,,,,,,,,,,0,4.000000e+000,1.000000e+000,2,2,2.077026e-001,0,,0,
1654286447.005,,1.000000e+003,3.768760e+002,1.207613e-004,4.819723e-008,-1.065135e-001,1.213250e-004,3,9.699858e-001,1.825000e+000,,,,,,,,,,,,,,,,,,0,4.000000e+000,1.000000e+000,2,2,2.066040e-001,0,,0,
1654286502.195,,1.000000e+003,3.758885e+002,1.209594e-004,3.858659e-008,-1.065391e-001,3.638327e-005,3,9.701776e-001,1.825000e+000,,,,,,,,,,,,,,,,,,0,4.000000e+000,1.000000e+000,2,2,2.055969e-001,0,,0,
1654286560.692,,1.000000e+003,3.748922e+002,1.211022e-004,2.135131e-009,-1.058070e-001,1.735397e-004,3,9.700588e-001,1.825000e+000,,,,,,,,,,,,,,,,,,0,4.000000e+000,1.000000e+000,2,2,2.043762e-001,0,,0,
1654286620.882,,1.000000e+003,3.738957e+002,1.212880e-004,4.454951e-008,-1.060259e-001,3.027513e-004,3,9.698554e-001,1.825000e+000,,,,,,,,,,,,,,,,,,0,4.000000e+000,1.000000e+000,2,2,2.032166e-001,0,,0,
1654286685.822,,1.000000e+003,3.728851e+002,1.214182e-004,2.473143e-008,-1.054611e-001,1.883227e-004,3,9.699939e-001,1.825000e+000,,,,,,,,,,,,,,,,,,0,4.000000e+000,1.000000e+000,2,2,1.907959e-001,0,,0,
1654286748.761,,1.000000e+003,3.718802e+002,1.215710e-004,3.132202e-008,-1.050182e-001,2.883055e-004,3,9.702987e-001,1.825000e+000,,,,,,,,,,,,,,,,,,0,4.000000e+000,1.000000e+000,2,2,2.232971e-001,0,,0,
1654286811.245,,1.000000e+003,3.708587e+002,1.216784e-004,2.922806e-008,-1.046513e-001,1.133329e-004,3,9.703638e-001,1.825000e+000,,,,,,,,,,,,,,,,,,0,4.000000e+000,1.000000e+000,2,2,2.109985e-001,0,,0,
1654286870.184,,1.000000e+003,3.698652e+002,1.218136e-004,2.164965e-008,-1.043125e-001,2.464748e-004,3,9.701847e-001,1.825000e+000,,,,,,,,,,,,,,,,,,0,4.000000e+000,1.000000e+000,2,2,1.987000e-001,0,,0,
1654286928.652,,1.000000e+003,3.688936e+002,1.219270e-004,7.845942e-009,-1.037165e-001,2.264076e-004,3,9.700589e-001,1.825000e+000,,,,,,,,,,,,,,,,,,0,4.000000e+000,1.000000e+000,2,2,2.086182e-001,0,,0,
1654286987.591,,1.000000e+003,3.678947e+002,1.220367e-004,5.242632e-008,-1.035646e-001,8.342969e-005,3,9.704707e-001,1.825000e+000,,,,,,,,,,,,,,,,,,0,4.000000e+000,1.000000e+000,2,2,1.965027e-001,0,,0,
1654287050.531,,1.000000e+003,3.668606e+002,1.221603e-004,1.315031e-008,-1.031098e-001,7.852485e-005,3,9.702723e-001,1.825000e+000,,,,,,,,,,,,,,,,,,0,4.000000e+000,1.000000e+000,2,2,1.953125e-001,0,,0,
1654287109.220,,1.000000e+003,3.659055e+002,1.222276e-004,9.386317e-008,-1.026522e-001,2.210760e-004,3,9.703139e-001,1.825000e+000,,,,,,,,,,,,,,,,,,0,4.000000e+000,1.000000e+000,2,2,2.050171e-001,0,,0,
1654287170.909,,1.000000e+003,3.648858e+002,1.223046e-004,2.809104e-008,-1.022717e-001,1.633190e-006,3,9.703313e-001,1.825000e+000,,,,,,,,,,,,,,,,,,0,4.000000e+000,1.000000e+000,2,2,2.145996e-001,0,,0,
1654287232.985,,1.000000e+003,3.638640e+002,1.223378e-004,2.147473e-008,-1.020107e-001,1.143245e-006,3,9.704210e-001,1.825000e+000,,,,,,,,,,,,,,,,,,0,4.000000e+000,1.000000e+000,2,2,2.133179e-001,0,,0,
1654287292.245,,1.000000e+003,3.628721e+002,1.223538e-004,9.981065e-009,-1.018436e-001,3.640961e-005,3,9.701698e-001,1.825000e+000,,,,,,,,,,,,,,,,,,0,4.000000e+000,1.000000e+000,2,2,1.910095e-001,0,,0,
1654287351.185,,1.000000e+003,3.618885e+002,1.223558e-004,9.816429e-009,-1.013936e-001,2.482133e-004,3,9.702926e-001,1.825000e+000,,,,,,,,,,,,,,,,,,0,4.000000e+000,1.000000e+000,2,2,2.109985e-001,0,,0,
1654287412.143,,1.000000e+003,3.608710e+002,1.222842e-004,1.880968e-008,-1.008979e-001,7.041685e-005,3,9.702994e-001,1.825000e+000,,,,,,,,,,,,,,,,,,0,4.000000e+000,1.000000e+000,2,2,1.991882e-001,0,,0,
1654287473.584,,1.000000e+003,3.598571e+002,1.221301e-004,1.188467e-008,-1.001390e-001,2.686756e-004,3,9.701527e-001,1.825000e+000,,,,,,,,,,,,,,,,,,0,4.000000e+000,1.000000e+000,2,2,2.293091e-001,0,,0,
1654287533.285,,1.000000e+003,3.588619e+002,1.216367e-004,9.855530e-008,-9.954385e-002,3.900480e-004,3,9.703834e-001,1.825000e+000,,,,,,,,,,,,,,,,,,0,4.000000e+000,1.000000e+000,2,2,1.762085e-001,0,,0,
1654287592.983,,1.000000e+003,3.578726e+002,1.158244e-004,7.450042e-007,-9.567782e-002,2.142114e-004,3,9.694719e-001,1.825000e+000,,,,,,,,,,,,,,,,,,0,4.000000e+000,1.000000e+000,2,2,2.061157e-001,0,,0,
1654287654.964,,1.000000e+003,3.568531e+002,1.001999e-004,1.147344e-006,-8.844243e-002,5.990700e-004,3,9.662281e-001,1.825000e+000,,,,,,,,,,,,,,,,,,0,4.000000e+000,1.000000e+000,2,2,2.354736e-001,0,,0,
1654287714.154,,1.000000e+003,3.558855e+002,8.520311e-005,1.238316e-006,-7.904729e-002,3.546657e-004,3,9.620925e-001,1.825000e+000,,,,,,,,,,,,,,,,,,0,4.000000e+000,1.000000e+000,2,2,2.037048e-001,0,,0,
1654287774.633,,1.000000e+003,3.548702e+002,7.290530e-005,9.147235e-007,-6.824267e-002,9.485938e-004,3,9.576053e-001,1.825000e+000,,,,,,,,,,,,,,,,,,0,4.000000e+000,1.000000e+000,2,2,2.327881e-001,0,,0,
1654287835.324,,1.000000e+003,3.538636e+002,6.387410e-005,6.560286e-007,-5.622424e-002,1.302849e-003,3,9.542654e-001,1.825000e+000,,,,,,,,,,,,,,,,,,0,4.000000e+000,1.000000e+000,2,2,2.315063e-001,0,,0,
1654287893.764,,1.000000e+003,3.528879e+002,5.739681e-005,4.514631e-007,-4.624230e-002,9.243015e-004,3,9.512646e-001,1.825000e+000,,,,,,,,,,,,,,,,,,0,4.000000e+000,1.000000e+000,2,2,2.201233e-001,0,,0,
1654287956.496,,1.000000e+003,3.518483e+002,5.362528e-005,2.049797e-007,-4.169812e-002,2.019124e-004,3,9.487538e-001,1.825000e+000,,,,,,,,,,,,,,,,,,0,4.000000e+000,1.000000e+000,2,2,2.286072e-001,0,,0,
1654288015.186,,1.000000e+003,3.508669e+002,5.177401e-005,1.962437e-007,-3.787519e-002,3.518551e-004,3,9.473987e-001,1.825000e+000,,,,,,,,,,,,,,,,,,0,4.000000e+000,1.000000e+000,2,2,2.273254e-001,0,,0,
1654288075.375,,1.000000e+003,3.498765e+002,5.032308e-005,1.315443e-007,-3.629447e-002,8.920144e-004,3,9.467843e-001,1.825000e+000,,,,,,,,,,,,,,,,,,0,4.000000e+000,1.000000e+000,2,2,2.062988e-001,0,,0,
1654288137.067,,1.000000e+003,3.488482e+002,4.939326e-005,2.248569e-008,-3.282066e-002,2.687362e-004,3,9.456436e-001,1.825000e+000,,,,,,,,,,,,,,,,,,0,4.000000e+000,1.000000e+000,2,2,2.245178e-001,0,,0,
1654288194.756,,1.000000e+003,3.478915e+002,4.886599e-005,6.553547e-008,-3.232318e-002,2.366467e-004,3,9.458137e-001,1.825000e+000,,,,,,,,,,,,,,,,,,0,4.000000e+000,1.000000e+000,2,2,1.941833e-001,0,,0,
1654288255.445,,1.000000e+003,3.468826e+002,4.854417e-005,6.927065e-008,-3.136530e-002,1.149081e-004,3,9.448665e-001,1.825000e+000,,,,,,,,,,,,,,,,,,0,4.000000e+000,1.000000e+000,2,2,2.218933e-001,0,,0,
1654288316.883,,1.000000e+003,3.458486e+002,4.831002e-005,1.219594e-008,-2.997263e-002,6.894658e-004,3,9.453882e-001,1.825000e+000,,,,,,,,,,,,,,,,,,0,4.000000e+000,1.000000e+000,2,2,2.013855e-001,0,,0,
1654288375.820,,1.000000e+003,3.448854e+002,4.814707e-005,1.137018e-009,-2.944785e-002,1.350385e-004,3,9.451032e-001,1.825000e+000,,,,,,,,,,,,,,,,,,0,4.000000e+000,1.000000e+000,2,2,2.286987e-001,0,,0,
1654288436.760,,1.000000e+003,3.438686e+002,4.804014e-005,9.307086e-009,-2.835158e-002,3.546591e-004,3,9.439102e-001,1.825000e+000,,,,,,,,,,,,,,,,,,0,4.000000e+000,1.000000e+000,2,2,2.272949e-001,0,,0,
1654288497.465,,1.000000e+003,3.428582e+002,4.795409e-005,2.197378e-008,-2.814855e-002,1.597326e-004,3,9.445124e-001,1.825000e+000,,,,,,,,,,,,,,,,,,0,4.000000e+000,1.000000e+000,2,2,2.071838e-001,0,,0,
1654288555.942,,1.000000e+003,3.418961e+002,4.795445e-005,5.057931e-008,-2.769960e-002,1.509529e-004,3,9.446676e-001,1.825000e+000,,,,,,,,,,,,,,,,,,0,4.000000e+000,1.000000e+000,2,2,2.057800e-001,0,,0,
1654288618.629,,1.000000e+003,3.408513e+002,4.795982e-005,3.269571e-008,-2.749000e-002,1.909226e-004,3,9.450803e-001,1.825000e+000,,,,,,,,,,,,,,,,,,0,4.000000e+000,1.000000e+000,2,2,2.232056e-001,0,,0,
1654288676.626,,1.000000e+003,3.398894e+002,4.792154e-005,2.471857e-008,-2.756893e-002,9.868592e-004,3,9.445634e-001,1.825000e+000,,,,,,,,,,,,,,,,,,0,4.000000e+000,1.000000e+000,2,2,2.126160e-001,0,,0,
1654288737.845,,1.000000e+003,3.388782e+002,4.793063e-005,1.112323e-008,-2.693585e-002,3.567046e-004,3,9.451458e-001,1.825000e+000,,,,,,,,,,,,,,,,,,0,4.000000e+000,1.000000e+000,2,2,2.019958e-001,0,,0,
1654288798.076,,1.000000e+003,3.378665e+002,4.796004e-005,1.811255e-008,-2.646547e-002,2.448613e-004,3,9.447948e-001,1.825000e+000,,,,,,,,,,,,,,,,,,0,4.000000e+000,1.000000e+000,2,2,2.189941e-001,0,,0,
1654288856.263,,1.000000e+003,3.369019e+002,4.797910e-005,1.957369e-008,-2.597990e-002,4.650918e-004,3,9.446936e-001,1.825000e+000,,,,,,,,,,,,,,,,,,0,4.000000e+000,1.000000e+000,2,2,1.996155e-001,0,,0,
1654288918.700,,1.000000e+003,3.358636e+002,4.797544e-005,1.133417e-008,-2.572981e-002,5.387618e-004,3,9.447501e-001,1.825000e+000,,,,,,,,,,,,,,,,,,0,4.000000e+000,1.000000e+000,2,2,2.274170e-001,0,,0,
1654288978.388,,1.000000e+003,3.348715e+002,4.801712e-005,2.310565e-008,-2.679687e-002,2.634310e-005,3,9.439371e-001,1.825000e+000,,,,,,,,,,,,,,,,,,0,4.000000e+000,1.000000e+000,2,2,2.330017e-001,0,,0,
1654289039.076,,1.000000e+003,3.338581e+002,4.801149e-005,1.350016e-008,-2.502036e-002,7.951648e-004,3,9.443769e-001,1.825000e+000,,,,,,,,,,,,,,,,,,0,4.000000e+000,1.000000e+000,2,2,2.314148e-001,0,,0,
1654289098.764,,1.000000e+003,3.328755e+002,4.799858e-005,1.056501e-008,-2.498286e-002,1.917576e-004,3,9.445771e-001,1.825000e+000,,,,,,,,,,,,,,,,,,0,4.000000e+000,1.000000e+000,2,2,2.210999e-001,0,,0,
1654289160.702,,1.000000e+003,3.318419e+002,4.802510e-005,1.302426e-008,-2.449324e-002,7.439709e-005,3,9.443239e-001,1.825000e+000,,,,,,,,,,,,,,,,,,0,4.000000e+000,1.000000e+000,2,2,2.284851e-001,0,,0,
1654289219.689,,1.000000e+003,3.308632e+002,4.808894e-005,4.023553e-008,-2.511398e-002,1.187725e-004,3,9.449207e-001,1.825000e+000,,,,,,,,,,,,,,,,,,0,4.000000e+000,1.000000e+000,2,2,2.007141e-001,0,,0,
1654289278.185,,1.000000e+003,3.298796e+002,4.808506e-005,4.469099e-008,-2.496775e-002,4.323384e-004,3,9.437631e-001,1.825000e+000,,,,,,,,,,,,,,,,,,0,4.000000e+000,1.000000e+000,2,2,1.994934e-001,0,,0,
1654289340.374,,1.000000e+003,3.288527e+002,4.817416e-005,2.078788e-008,-2.433049e-002,1.966862e-004,3,9.444671e-001,1.825000e+000,,,,,,,,,,,,,,,,,,0,4.000000e+000,1.000000e+000,2,2,2.154846e-001,0,,0,
1654289398.104,,1.000000e+003,3.278840e+002,4.814819e-005,6.719212e-009,-2.360152e-002,2.279460e-004,3,9.446128e-001,1.825000e+000,,,,,,,,,,,,,,,,,,0,4.000000e+000,1.000000e+000,2,2,2.226868e-001,0,,0,
1654289458.592,,1.000000e+003,3.268872e+002,4.812672e-005,5.746058e-008,-2.362141e-002,4.003937e-004,3,9.421729e-001,1.825000e+000,,,,,,,,,,,,,,,,,,0,4.000000e+000,1.000000e+000,2,2,2.211914e-001,0,,0,
1654289519.530,,1.000000e+003,3.258757e+002,4.825975e-005,3.973647e-008,-2.337352e-002,2.878037e-004,3,9.445065e-001,1.825000e+000,,,,,,,,,,,,,,,,,,0,4.000000e+000,1.000000e+000,2,2,2.282715e-001,0,,0,
1654289578.766,,1.000000e+003,3.248709e+002,4.827118e-005,1.064218e-008,-2.263581e-002,3.849114e-004,3,9.452046e-001,1.825000e+000,,,,,,,,,,,,,,,,,,0,4.000000e+000,1.000000e+000,2,2,2.268066e-001,0,,0,
1654289639.961,,1.000000e+003,3.238664e+002,4.828939e-005,1.214963e-008,-2.320891e-002,4.805583e-004,3,9.443658e-001,1.825000e+000,,,,,,,,,,,,,,,,,,0,4.000000e+000,1.000000e+000,2,2,2.169189e-001,0,,0,
1654289699.662,,1.000000e+003,3.228601e+002,4.834554e-005,4.460610e-009,-2.331596e-002,5.270160e-004,3,9.443717e-001,1.825000e+000,,,,,,,,,,,,,,,,,,0,4.000000e+000,1.000000e+000,2,2,1.989136e-001,0,,0,
1654289760.853,,1.000000e+003,3.218502e+002,4.835454e-005,1.389889e-008,-2.249557e-002,1.882542e-004,3,9.450307e-001,1.825000e+000,,,,,,,,,,,,,,,,,,0,4.000000e+000,1.000000e+000,2,2,2.058105e-001,0,,0,
1654289819.344,,1.000000e+003,3.208777e+002,4.840736e-005,3.228926e-008,-2.179091e-002,2.303720e-005,3,9.445400e-001,1.825000e+000,,,,,,,,,,,,,,,,,,0,4.000000e+000,1.000000e+000,2,2,2.209167e-001,0,,0,
1654289878.543,,1.000000e+003,3.198850e+002,4.845065e-005,1.201586e-008,-2.215125e-002,1.061258e-004,3,9.445286e-001,1.825000e+000,,,,,,,,,,,,,,,,,,0,4.000000e+000,1.000000e+000,2,2,1.950989e-001,0,,0,
1654289940.798,,1.000000e+003,3.188585e+002,4.851108e-005,1.703727e-008,-2.128890e-002,3.134672e-005,3,9.469054e-001,1.825000e+000,,,,,,,,,,,,,,,,,,0,4.000000e+000,1.000000e+000,2,2,2.179260e-001,0,,0,
1654289999.301,,1.000000e+003,3.178890e+002,4.847969e-005,5.394406e-008,-2.108449e-002,4.475205e-004,3,9.449485e-001,1.825000e+000,,,,,,,,,,,,,,,,,,0,4.000000e+000,1.000000e+000,2,2,2.164917e-001,0,,0,
1654290062.016,,1.000000e+003,3.168503e+002,4.852084e-005,1.418700e-008,-2.110644e-002,2.626381e-004,3,9.448395e-001,1.825000e+000,,,,,,,,,,,,,,,,,,0,4.000000e+000,1.000000e+000,2,2,1.989746e-001,0,,0,
1654290120.262,,1.000000e+003,3.158760e+002,4.859673e-005,2.424781e-008,-2.110672e-002,1.010655e-004,3,9.450120e-001,1.825000e+000,,,,,,,,,,,,,,,,,,0,4.000000e+000,1.000000e+000,2,2,2.136841e-001,0,,0,
1654290182.700,,1.000000e+003,3.148354e+002,4.862305e-005,4.688271e-008,-2.082043e-002,4.471702e-004,3,9.447170e-001,1.825000e+000,,,,,,,,,,,,,,,,,,0,4.000000e+000,1.000000e+000,2,2,2.198792e-001,0,,0,
1654290240.662,,1.000000e+003,3.138802e+002,4.867095e-005,2.209725e-008,-2.107052e-002,1.571893e-004,3,9.450794e-001,1.825000e+000,,,,,,,,,,,,,,,,,,0,4.000000e+000,1.000000e+000,2,2,2.028809e-001,0,,0,
1654290301.850,,1.000000e+003,3.128555e+002,4.874082e-005,2.331916e-008,-1.994715e-002,5.269831e-004,3,9.452412e-001,1.825000e+000,,,,,,,,,,,,,,,,,,0,4.000000e+000,1.000000e+000,2,2,2.092285e-001,0,,0,
1654290361.787,,1.000000e+003,3.118668e+002,4.874056e-005,3.405910e-008,-1.960995e-002,5.925860e-004,3,9.453346e-001,1.825000e+000,,,,,,,,,,,,,,,,,,0,4.000000e+000,1.000000e+000,2,2,2.078857e-001,0,,0,
1654290420.474,,1.000000e+003,3.108771e+002,4.879592e-005,3.265198e-008,-1.977985e-002,1.444847e-004,3,9.446841e-001,1.825000e+000,,,,,,,,,,,,,,,,,,0,4.000000e+000,1.000000e+000,2,2,2.293091e-001,0,,0,
1654290481.198,,1.000000e+003,3.098809e+002,4.884013e-005,1.143964e-008,-2.012870e-002,6.521013e-004,3,9.445152e-001,1.825000e+000,,,,,,,,,,,,,,,,,,0,4.000000e+000,1.000000e+000,2,2,2.429810e-001,0,,0,
1654290542.136,,1.000000e+003,3.088669e+002,4.884999e-005,4.067028e-009,-1.959079e-002,7.265274e-004,3,9.454762e-001,1.825000e+000,,,,,,,,,,,,,,,,,,0,4.000000e+000,1.000000e+000,2,2,2.112122e-001,0,,0,
1654290601.384,,1.000000e+003,3.078844e+002,4.889561e-005,1.108464e-008,-1.921090e-002,9.751200e-005,3,9.451439e-001,1.825000e+000,,,,,,,,,,,,,,,,,,0,4.000000e+000,1.000000e+000,2,2,2.022095e-001,0,,0,
1654290662.571,,1.000000e+003,3.068509e+002,4.896649e-005,1.652792e-008,-1.860909e-002,7.113176e-004,3,9.449472e-001,1.825000e+000,,,,,,,,,,,,,,,,,,0,4.000000e+000,1.000000e+000,2,2,2.304993e-001,0,,0,
1654290721.009,,1.000000e+003,3.058783e+002,4.898381e-005,4.016350e-008,-1.884696e-002,6.745840e-004,3,9.447526e-001,1.825000e+000,,,,,,,,,,,,,,,,,,0,4.000000e+000,1.000000e+000,2,2,1.920166e-001,0,,0,
1654290782.990,,1.000000e+003,3.048463e+002,4.901462e-005,2.456681e-009,-1.837765e-002,1.832071e-006,3,9.454826e-001,1.825000e+000,,,,,,,,,,,,,,,,,,0,4.000000e+000,1.000000e+000,2,2,2.346191e-001,0,,0,
1654290841.461,,1.000000e+003,3.038691e+002,4.910899e-005,2.398543e-008,-1.817232e-002,3.887652e-005,3,9.450545e-001,1.825000e+000,,,,,,,,,,,,,,,,,,0,4.000000e+000,1.000000e+000,2,2,2.037964e-001,0,,0,
1654290900.149,,1.000000e+003,3.028841e+002,4.912627e-005,2.272493e-008,-1.812398e-002,3.496555e-004,3,9.445084e-001,1.825000e+000,,,,,,,,,,,,,,,,,,0,4.000000e+000,1.000000e+000,2,2,2.097168e-001,0,,0,
1654290961.086,,1.000000e+003,3.018790e+002,4.922682e-005,1.260753e-008,-1.805849e-002,3.088930e-004,3,9.455135e-001,1.825000e+000,,,,,,,,,,,,,,,,,,0,4.000000e+000,1.000000e+000,2,2,2.081909e-001,0,,0,
1654291020.325,,1.000000e+003,3.008918e+002,4.922465e-005,4.362343e-008,-1.747648e-002,1.103393e-003,3,9.454741e-001,1.825000e+000,,,,,,,,,,,,,,,,,,0,4.000000e+000,1.000000e+000,2,2,2.068176e-001,0,,0,
1654291374.043,,1.000000e+003,3.000105e+002,4.925628e-005,2.588389e-008,-1.809049e-002,1.421705e-004,3,9.458630e-001,1.825000e+000,,,,,,,,,,,,,,,,,,0,4.000000e+000,1.000000e+000,2,2,1.422119e-002,0,,0,
